#    2.617  -2.521  20.010 ;Mean Elev.(m), Avg Gradient(m/km), RMS Gradient(m/km) - SRTM1     
#   51.970  -1.752  18.446 ;Mean Elev.(m), Avg Gradient(m/km), RMS Gradient(m/km) - ASTER GDEM
#    2.379  -5.033  18.753 ;Mean Elev.(m), Avg Gradient(m/km), RMS Gradient(m/km) - GMTED2010 
   8 323.051498 -10.076150     5.762     5.737  3 54737.77331060 27.903
  10 323.049639 -10.073959     6.525     6.518  4 54757.60460640 29.502
  13 323.051418 -10.077005     5.784     5.784  2 54787.35153323 44.097
  16 323.054921 -10.086546     5.642     5.715  3 54817.09844482 35.313
  17 323.054947 -10.084998     5.506     5.461  3 54827.01409418 36.618
  18 323.052694 -10.081755     6.712     6.712  2 54836.92973383 29.221
  19 323.051253 -10.074393     5.554     5.592  3 54846.84538488 25.420
  20 323.049253 -10.072741     4.757     4.737  4 54856.76103438 36.884
  21 323.049131 -10.071159     5.548     5.669  4 54866.67668411 31.207
  22 323.049057 -10.071910     5.629     5.679  5 54876.59233281 33.125
  23 323.049659 -10.072487     5.364     5.327  4 54886.50797851 49.066
  24 323.048982 -10.072105     6.219     6.174  4 54896.42362066 46.774
  25 323.048292 -10.070083    53.502    53.128  5 54906.33926017 14.148
  26 323.048898 -10.069088     6.020     5.968  5 54916.25489806 51.954
  27 323.049288 -10.073737     5.230     5.189  4 54926.17053448 37.970
  28 323.051420 -10.077973     5.133     5.174  3 54936.08617048 41.002
  29 323.053925 -10.083091     5.551     5.655  3 54946.00180446 44.749
  30 323.056289 -10.088174     6.425     6.452  4 54955.91743593 40.903
  31 323.054624 -10.085757     7.029     7.054  3 54965.83308417 32.690
  32 323.053232 -10.082234     7.072     7.072  2 54975.74873263 32.156
  35 323.052916 -10.080573     6.092     6.036  3 55005.49567498 42.722
  36 323.052004 -10.080344     6.157     6.157  2 55015.41131883 45.189
  38 323.051582 -10.076884     6.262     6.169  3 55035.24260338 49.929
  39 323.052541 -10.079584     6.303     6.203  3 55045.15824373 48.106
  40 323.054237 -10.085782     6.029     6.000  3 55055.07388169 49.577
  41 323.056080 -10.088999     5.699     5.673  3 55064.98951812 42.527
  42 323.054730 -10.085076     5.221     5.188  3 55074.90516619 43.763
  44 323.050987 -10.074272     6.047     5.949  3 55094.73646281 27.614
  45 323.050561 -10.073227     6.512     6.492  3 55104.65210969 28.731
  47 323.051367 -10.074841     6.354     6.375  3 55124.48339997 29.637
  49 323.051596 -10.077199     6.371     6.409  3 55144.31467943 42.990
  50 323.052110 -10.077515    59.149    56.216  3 55154.23031726 22.183
  55 323.051300 -10.080360   106.838   106.838  2 55203.80853289  0.710
  56 323.050527 -10.074569     5.937     5.906  3 55213.72418379 27.538
  57 323.049762 -10.073740     5.758     5.770  4 55223.63983322 30.345
  58 323.049620 -10.073770     5.860     5.785  4 55233.55548096 27.785
  59 323.050365 -10.073545     5.592     5.620  3 55243.47112544 29.994
  60 323.049837 -10.072594     5.986     5.953  4 55253.38676653 47.806
  61 323.048991 -10.071038     6.150     6.107  4 55263.30240530 50.976
  62 323.049121 -10.072284     6.458     6.418  5 55273.21804235 49.807
  63 323.051304 -10.074487     6.045     6.053  3 55283.13367901 43.415
  64 323.052983 -10.081392    51.938    52.092  3 55293.04931335 16.795
  65 323.054636 -10.085760     5.222     5.215  3 55302.96494830 41.625
  66 323.053324 -10.083624     5.557     5.557  2 55312.88059590 39.023
  67 323.052450 -10.080980     8.381     8.924  3 55322.79624166 34.399
  69 323.052049 -10.078483     7.275     5.640  3 55342.62753062 28.572
  71 323.052792 -10.081121    51.902    51.902  2 55362.45881566 23.940
  72 323.053187 -10.081871     4.955     4.955  2 55372.37445497 41.496
  74 323.054322 -10.085846     5.605     5.584  3 55392.20572907 48.424
  75 323.056140 -10.089607    54.531    54.491  4 55402.12136398 27.480
  76 323.055347 -10.088384     5.666     5.675  4 55412.03701441 45.682
  77 323.053926 -10.085968     4.682     4.707  3 55421.95266391 38.926
  78 323.052906 -10.081367    54.909    54.909  2 55431.86831134  5.505
  79 323.051540 -10.077230     8.071     8.071  2 55441.78395689 26.034
  80 323.050982 -10.075455     6.346     6.346  2 55451.69960077 25.437
  83 323.053251 -10.082508     7.272     6.300  3 55481.44652236 41.883
  84 323.053554 -10.085121    60.937    54.526  3 55491.36215780  9.863
  85 323.054888 -10.086570     5.749     5.841  4 55501.27779140 48.274
  86 323.054989 -10.084718     6.104     6.087  3 55511.19343524 49.003
  87 323.053464 -10.084170     5.482     5.515  3 55521.10908473 40.817
  88 323.053181 -10.081639    81.454    81.704  3 55531.02473359 16.008
  89 323.052431 -10.080512     7.197     6.309  3 55540.94038068 42.486
  90 323.051845 -10.079037     7.128     7.128  2 55550.85602594 28.203
  91 323.051474 -10.076480     5.612     5.556  3 55560.77167012 28.988
  92 323.051420 -10.077158     5.479     5.471  3 55570.68731300 27.424
  94 323.052722 -10.081700     7.447     6.717  3 55590.51859316 37.095
  95 323.053629 -10.084858     6.494     6.454  3 55600.43422823 42.669
  96 323.055014 -10.085594     6.047     6.071  3 55610.34986130 49.443
  97 323.055668 -10.089463     5.853     5.875  4 55620.26549207 48.708
  98 323.053921 -10.086413     5.361     5.437  3 55630.18114347 45.417
  99 323.054071 -10.083034     5.864     5.896  3 55640.09679457 35.640
 100 323.053652 -10.082965     6.154     6.186  3 55650.01244249 44.083
 102 323.052695 -10.078625     7.636     7.636  2 55669.84372920 27.373
 104 323.053750 -10.082357     6.678     5.516  3 55689.67500582 32.574
 105 323.055378 -10.086876     5.452     5.405  4 55699.59064122 42.756
 107 323.054475 -10.086718     5.098     5.133  3 55719.42193000 44.964
 108 323.053299 -10.082158     5.601     5.730  3 55729.33757861 44.213
 110 323.052240 -10.081444     6.892     5.942  3 55749.16886973 44.914
 111 323.053014 -10.081861     5.844     5.844  2 55759.08451224 46.275
 112 323.053447 -10.083922    54.689    54.689  2 55769.00015167 24.325
 113 323.054333 -10.083983     5.603     5.565  3 55778.91578852 35.571
 114 323.054680 -10.086325     6.548     5.649  3 55788.83142258 35.162
 115 323.055781 -10.089345     5.732     5.739  4 55798.74705565 37.137
 117 323.055443 -10.086744     6.010     5.926  3 55818.57835153 41.426
 118 323.055330 -10.088005     6.094     6.067  4 55828.49399654 39.015
 119 323.055524 -10.087338     6.314     6.319  4 55838.40963744 45.315
 120 323.055427 -10.086074     6.260     6.261  3 55848.32527518 47.076
 121 323.055877 -10.088014     6.425     6.454  3 55858.24090992 50.122
 122 323.055225 -10.087618     6.545     6.570  3 55868.15655657 48.087
 123 323.054988 -10.085759     6.785     6.727  3 55878.07220852 39.371
 124 323.054773 -10.086384     6.248     6.242  4 55887.98785351 39.319
 125 323.054753 -10.087178     5.943     6.182  3 55897.90349298 37.914
 126 323.055886 -10.088150    65.418    70.666  3 55907.81912771  7.732
 127 323.054638 -10.084586     7.726     7.824  3 55917.73477632 30.370
 128 323.053052 -10.081208     6.887     5.829  3 55927.65043072 40.986
 129 323.052403 -10.080208     6.202     6.202  2 55937.56608126 30.710
 132 323.051500 -10.077896     6.772     6.767  3 55967.31300532 47.081
 133 323.052189 -10.080453     6.583     6.612  3 55977.22864140 50.291
 134 323.054222 -10.084828     6.567     6.528  3 55987.14427644 50.225
 135 323.056129 -10.089210     6.363     6.350  4 55997.05991367 47.629
 136 323.055169 -10.086358    55.139    55.194  4 56006.97556520 24.402
 138 323.051947 -10.079164     8.289     8.601  3 56026.80685777 27.079
 139 323.051532 -10.076833     5.934     5.947  3 56036.72250114 28.126
 140 323.052502 -10.079820     6.773     5.880  3 56046.63814158 32.268
 141 323.054098 -10.084686     6.014     6.014  2 56056.55377880 33.493
 142 323.056321 -10.090217     6.439     6.615  4 56066.46941162 37.314
 143 323.055123 -10.087022     5.641     5.705  3 56076.38505952 43.689
 144 323.053012 -10.082448    54.171    54.171  2 56086.30070892 22.650
 145 323.052307 -10.080291     5.722     5.722  2 56096.21635534 48.651
 146 323.052608 -10.081759     6.389     6.432  3 56106.13199898 48.274
 147 323.053303 -10.084558     5.801     5.823  3 56116.04762797 45.990
 148 323.054932 -10.085785     5.431     5.492  3 56125.96326531 47.787
 149 323.055564 -10.088605     5.614     5.557  4 56135.87889850 40.219
 150 323.054865 -10.086472     5.789     5.897  3 56145.79454165 34.568
 151 323.053558 -10.083138     7.955     8.380  3 56155.71019224 28.628
 152 323.052843 -10.082806    87.579    99.012  3 56165.62584137  8.384
 153 323.053205 -10.082856     7.213     7.213  2 56175.54148828 32.610
 154 323.053954 -10.083889     6.192     6.116  3 56185.45712990 43.511
 155 323.054295 -10.083982     5.679     5.851  3 56195.37276770 48.590
 156 323.054158 -10.085447     5.704     5.703  3 56205.28840201 35.298
 157 323.055398 -10.087797     5.108     5.140  3 56215.20403456 48.774
 158 323.057177 -10.090663    53.678    53.989  4 56225.11967180 22.760
 159 323.056054 -10.089382     5.733     5.738  4 56235.03532735 39.664
 161 323.053836 -10.084039     6.779     6.779  2 56254.86662670 29.678
 162 323.052882 -10.082251     6.193     5.013  3 56264.78226999 31.964
 163 323.052802 -10.081276     5.983     5.983  2 56274.69791165 31.644
 164 323.052461 -10.082129     7.794     8.491  3 56284.61355704 30.737
 165 323.052095 -10.080011     7.220     7.220  2 56294.52920903 29.397
 169 323.051688 -10.076673     5.514     5.541  3 56334.19178055 48.817
 170 323.053118 -10.080946     5.028     5.066  3 56344.10741885 37.615
 171 323.054811 -10.085871     5.185     5.179  3 56354.02305475 48.208
 172 323.054892 -10.084952     5.437     5.390  3 56363.93869842 33.564
 173 323.052710 -10.081670     5.193     5.171  3 56373.85434782 28.810
 175 323.050800 -10.075983     4.928     4.921  3 56393.68563940 27.964
 176 323.051723 -10.077883     4.744     4.782  3 56403.60128155 27.011
 177 323.052890 -10.082619   147.898   147.857  3 56413.51692018  1.767
 178 323.055293 -10.087132   145.163   145.214  4 56423.43255382  2.613
 179 323.054912 -10.086448     4.797     4.794  4 56433.34819758 47.054
 180 323.052494 -10.080471     5.443     5.443  2 56443.26385040 44.514
 183 323.051728 -10.077038     5.184     5.144  3 56473.01078992 41.626
 184 323.051917 -10.080484     7.211     8.476  3 56482.92642918 34.217
 185 323.052681 -10.081853   105.726   105.726  2 56492.84206570  0.228
 186 323.053962 -10.084690     5.238     5.238  2 56502.75769985 34.541
 188 323.056031 -10.090309     4.703     4.719  4 56522.58898049 36.975
 189 323.054804 -10.087124     5.287     5.734  3 56532.50463375 47.319
 191 323.052605 -10.080588     5.665     5.665  2 56552.33592856 45.761
 192 323.052094 -10.079333     5.458     5.487  3 56562.25157127 46.670
 193 323.052685 -10.079830     5.224     5.261  3 56572.16721241 36.814
 194 323.053821 -10.083842     5.745     5.745  2 56582.08285113 39.231
 195 323.056327 -10.089473     4.897     4.881  3 56591.99848537 43.865
 196 323.055093 -10.087654     5.198     5.160  4 56601.91413566 38.831
 197 323.053152 -10.083767     7.903     7.865  3 56611.82978619 26.374
 198 323.052340 -10.081339     6.480     5.675  3 56621.74543231 30.387
 199 323.052672 -10.079776     6.438     5.573  3 56631.66107551 28.812
 200 323.053333 -10.084024     4.604     4.533  3 56641.57671347 34.470
 202 323.052119 -10.077585     5.339     5.424  3 56661.40801435 46.295
 203 323.050585 -10.076108     5.698     5.881  3 56671.32366159 45.761
 205 323.051643 -10.076393     5.555     5.592  3 56691.15494932 37.769
 206 323.053167 -10.081015     4.904     4.944  3 56701.07058767 46.236
 207 323.054889 -10.085434     4.477     4.432  3 56710.98622130 37.729
 208 323.053857 -10.083924     4.494     4.494  2 56720.90186508 32.100
 210 323.050582 -10.074681     4.735     4.737  3 56740.73316697 31.815
 213 323.054862 -10.086714     4.730     4.739  3 56770.48008061 38.110
 214 323.052963 -10.082154     6.207     5.021  3 56780.39573396 31.416
 216 323.048991 -10.070912     5.275     5.351  5 56800.22704191 48.405
 217 323.048901 -10.071284     4.797     4.795  4 56810.14268636 51.825
 218 323.050277 -10.073642     4.966     4.902  4 56820.05832558 48.153
 219 323.051488 -10.079070     6.242     5.552  3 56829.97396030 39.670
 221 323.054740 -10.087407     4.739     4.732  3 56849.80522549 33.610
 223 323.052218 -10.080111     6.463     5.541  3 56869.63653529 30.001
 226 323.049931 -10.073810     5.117     5.058  3 56899.38348056 49.737
 227 323.049105 -10.071350     5.130     5.138  5 56909.29912340 50.219
 228 323.049616 -10.072805     5.338     5.285  3 56919.21476364 50.211
 229 323.051723 -10.077465     5.214     5.214  2 56929.13040128 47.468
 230 323.054046 -10.085276     5.267     5.314  3 56939.04603390 44.178
 231 323.056211 -10.089399     5.484     5.423  4 56948.96166840 39.320
 232 323.053671 -10.084874     5.675     4.737  3 56958.87732197 33.560
 234 323.051882 -10.079216     8.620     8.516  3 56978.70861517 25.004
 235 323.053166 -10.081392     6.015     4.606  3 56988.62425474 31.314
 236 323.055396 -10.087696     5.268     5.275  4 56998.53988732 33.506
 237 323.054733 -10.084336     4.721     4.709  3 57008.45553862 40.214
 238 323.052295 -10.080561     4.979     4.979  2 57018.37119250 43.521
 239 323.051242 -10.076029     4.976     4.750  3 57028.28684316 48.063
 240 323.050765 -10.075293     4.861     4.864  3 57038.20249113 49.682
 241 323.051390 -10.077132     5.190     5.474  3 57048.11813612 47.088
 242 323.052762 -10.080744     5.049     5.077  3 57058.03377703 40.092
 243 323.054232 -10.083368     4.780     4.790  3 57067.94941262 32.005
 245 323.055829 -10.088024     5.318     5.357  3 57087.78067727 28.992
 246 323.053093 -10.082451     6.246     6.246  2 57097.69633714 29.728
 247 323.051926 -10.079523     6.284     5.454  3 57107.61199367 22.419
 248 323.051974 -10.079841     4.728     4.805  3 57117.52764454 43.310
 249 323.052075 -10.079589     5.585     5.615  3 57127.44328918 31.822
 250 323.052314 -10.078569     4.788     4.810  3 57137.35892822 42.139
 251 323.053002 -10.080727     5.982     5.928  3 57147.27456245 46.236
 252 323.054510 -10.086897     5.377     5.501  3 57157.19019331 45.844
 253 323.055217 -10.087783     5.413     5.398  3 57167.10583765 42.315
 254 323.053984 -10.083936     5.737     5.454  3 57177.02149412 39.365
 255 323.052841 -10.080513     5.819     4.748  3 57186.93714658 34.453
 256 323.052068 -10.077378     4.134     4.157  3 57196.85279510 33.255
 257 323.051281 -10.076162   164.748   165.088  3 57206.76842987  1.507
 260 323.053322 -10.082257     4.570     4.458  3 57236.51535991 33.853
 262 323.054661 -10.085991     4.517     4.445  4 57256.34663318 44.503
 263 323.055066 -10.088761    89.196    89.627  3 57266.26226681  9.459
 264 323.055594 -10.088210    63.383    67.288  3 57276.17791099 19.950
 265 323.054603 -10.086355     4.621     4.670  3 57286.09356778 42.109
 266 323.053847 -10.084260     5.585     4.527  3 57296.00922182 32.354
 267 323.052846 -10.081967     4.588     4.588  2 57305.92487243 31.502
 268 323.051506 -10.077917     7.140     7.140  2 57315.84051983 26.324
 269 323.050888 -10.073286     4.462     4.415  3 57325.75616444 33.125
 270 323.051188 -10.073402     4.490     4.588  3 57335.67180635 32.761
 271 323.051213 -10.074195     4.496     4.564  3 57345.58745349 34.165
 272 323.050984 -10.074557     4.485     4.511  3 57355.50310154 32.893
 273 323.051101 -10.075251     4.621     4.640  3 57365.41874564 40.603
 274 323.051373 -10.076192     4.734     4.665  3 57375.33438607 41.517
 275 323.051972 -10.078875     4.726     4.649  3 57385.25002402 46.093
 276 323.053500 -10.082511     5.378     5.324  3 57395.16566118 40.239
 277 323.055701 -10.087302     4.580     4.417  3 57405.08129721 41.828
 278 323.055592 -10.087113     4.842     4.846  3 57414.99694524 34.892
 279 323.053697 -10.084694     4.755     4.874  3 57424.91259691 28.510
 280 323.052182 -10.078936     3.969     4.048  3 57434.82824661 27.806
 281 323.051410 -10.074800     4.343     4.261  3 57444.74389442 30.012
 283 323.051657 -10.078560     7.303     7.303  2 57464.57518448 23.247
 286 323.055236 -10.087189     4.927     5.040  4 57494.32209399 40.272
 287 323.056436 -10.090827     5.026     5.076  4 57504.23772485 43.656
 289 323.053797 -10.082716     4.251     4.215  3 57524.06903439 32.805
 291 323.052294 -10.079346     4.766     4.766  2 57543.90033514 26.131
 293 323.051826 -10.076447     4.567     4.526  3 57563.73162719 29.819
 295 323.052382 -10.078816     4.911     4.930  3 57583.56291587 24.554
 296 323.052767 -10.080611     4.786     4.818  3 57593.47855796 37.295
 297 323.053112 -10.081578     4.320     4.571  3 57603.39419776 39.729
