-345722.958    -2.379     0.00    0.00
-345434.182    -2.379     0.00    0.00
-345145.413    -2.379     0.00    0.00
-344856.651    -2.379     0.00    0.00
-344567.895    -2.379     0.00    0.00
-344279.146    -2.379     0.00    0.00
-343990.404    -2.379     0.00    0.00
-343701.668    -2.379     0.00    0.00
-343412.939    -2.379     0.00    0.00
-343124.216    -2.379     0.00    0.00
-342835.500    -2.379     0.00    0.00
-342546.790    -2.379     0.00    0.00
-342258.087    -2.379     0.00    0.00
-341969.390    -2.379     0.00    0.00
-341680.701    -2.379     0.00    0.00
-341392.017    -2.379     0.00    0.00
-341103.340    -2.379     0.00    0.00
-340814.670    -2.379     0.00    0.00
-340526.007    -2.379     0.00    0.00
-340237.349    -2.379     0.00    0.00
-339948.699    -2.379     0.00    0.00
-339660.055    -2.379     0.00    0.00
-339371.418    -2.379     0.00    0.00
-339082.787    -2.379     0.00    0.00
-338794.162    -2.379     0.00    0.00
-338505.545    -2.379     0.00    0.00
-338216.933    -2.379     0.00    0.00
-337928.329    -2.379     0.00    0.00
-337639.731    -2.379     0.00    0.00
-337351.139    -2.379     0.00    0.00
-337062.554    -2.379     0.00    0.00
-336773.975    -2.379     0.00    0.00
-336485.404    -2.379     0.00    0.00
-336196.838    -2.379     0.00    0.00
-335908.279    -2.379     0.00    0.00
-335619.727    -2.379     0.00    0.00
-335331.181    -2.379     0.00    0.00
-335042.642    -2.379     0.00    0.00
-334754.109    -2.379     0.00    0.00
-334465.583    -2.379     0.00    0.00
-334177.063    -2.379     0.00    0.00
-333888.550    -2.379     0.00    0.00
-333600.043    -2.379     0.00    0.00
-333311.543    -2.379     0.00    0.00
-333023.050    -2.379     0.00    0.00
-332734.563    -2.379     0.00    0.00
-332446.082    -2.379     0.00    0.00
-332157.608    -2.379     0.00    0.00
-331869.140    -2.379     0.00    0.00
-331579.821    -2.379     0.00    0.00
-331289.955    -2.379     0.00    0.00
-331000.096    -2.379     0.00    0.00
-330710.243    -2.379     0.00    0.00
-330420.397    -2.379     0.00    0.00
-330130.558    -2.379     0.00    0.00
-329840.725    -2.379     0.00    0.00
-329550.899    -2.379     0.00    0.00
-329261.079    -2.379     0.00    0.00
-328971.266    -2.379     0.00    0.00
-328681.459    -2.379     0.00    0.00
-328391.659    -2.379     0.00    0.00
-328101.866    -2.379     0.00    0.00
-327812.079    -2.379     0.00    0.00
-327522.298    -2.379     0.00    0.00
-327232.525    -2.379     0.00    0.00
-326942.757    -2.379     0.00    0.00
-326652.997    -2.379     0.00    0.00
-326363.243    -2.379     0.00    0.00
-326073.495    -2.379     0.00    0.00
-325783.754    -2.379     0.00    0.00
-325494.020    -2.379     0.00    0.00
-325204.292    -2.379     0.00    0.00
-324914.571    -2.379     0.00    0.00
-324624.856    -2.379     0.00    0.00
-324335.148    -2.379     0.00    0.00
-324045.446    -2.379     0.00    0.00
-323755.751    -2.379     0.00    0.00
-323466.062    -2.379     0.00    0.00
-323176.380    -2.379     0.00    0.00
-322886.705    -2.379     0.00    0.00
-322597.036    -2.379     0.00    0.00
-322307.373    -2.379     0.00    0.00
-322017.717    -2.379     0.00    0.00
-321728.068    -2.379     0.00    0.00
-321438.425    -2.379     0.00    0.00
-321148.789    -2.379     0.00    0.00
-320859.159    -2.379     0.00    0.00
-320569.536    -2.379     0.00    0.00
-320279.919    -2.379     0.00    0.00
-319990.309    -2.379     0.00    0.00
-319700.705    -2.379     0.00    0.00
-319411.108    -2.379     0.00    0.00
-319121.517    -2.379     0.00    0.00
-318831.933    -2.379     0.00    0.00
-318542.355    -2.379     0.00    0.00
-318252.784    -2.379     0.00    0.00
-317963.219    -2.379     0.00    0.00
-317673.661    -2.379     0.00    0.00
-317384.110    -2.379     0.00    0.00
-317094.565    -2.379     0.00    0.00
-316805.026    -2.379     0.00    0.00
-316515.494    -2.379     0.00    0.00
-316225.968    -2.379     0.00    0.00
-315936.449    -2.379     0.00    0.00
-315646.937    -2.379     0.00    0.00
-315357.431    -2.379     0.00    0.00
-315067.931    -2.379     0.00    0.00
-314778.438    -2.379     0.00    0.00
-314488.951    -2.379     0.00    0.00
-314199.471    -2.379     0.00    0.00
-313909.997    -2.379     0.00    0.00
-313620.530    -2.379     0.00    0.00
-313331.070    -2.379     0.00    0.00
-313041.615    -2.379     0.00    0.00
-312752.168    -2.379     0.00    0.00
-312462.727    -2.379     0.00    0.00
-312173.292    -2.379     0.00    0.00
-311883.864    -2.379     0.00    0.00
-311594.442    -2.379     0.00    0.00
-311305.027    -2.379     0.00    0.00
-311015.618    -2.379     0.00    0.00
-310726.215    -2.379     0.00    0.00
-310436.819    -2.379     0.00    0.00
-310147.430    -2.379     0.00    0.00
-309858.047    -2.379     0.00    0.00
-309568.671    -2.379     0.00    0.00
-309279.301    -2.379     0.00    0.00
-308989.937    -2.379     0.00    0.00
-308700.580    -2.379     0.00    0.00
-308411.229    -2.379     0.00    0.00
-308121.885    -2.379     0.00    0.00
-307832.547    -2.379     0.00    0.00
-307543.216    -2.379     0.00    0.00
-307253.891    -2.379     0.00    0.00
-306964.573    -2.379     0.00    0.00
-306675.261    -2.379     0.00    0.00
-306385.956    -2.379     0.00    0.00
-306096.657    -2.379     0.00    0.00
-305807.364    -2.379     0.00    0.00
-305518.078    -2.379     0.00    0.00
-305228.798    -2.379     0.00    0.00
-304939.525    -2.379     0.00    0.00
-304650.258    -2.379     0.00    0.00
-304360.998    -2.379     0.00    0.00
-304071.744    -2.379     0.00    0.00
-303782.496    -2.379     0.00    0.00
-303493.255    -2.379     0.00    0.00
-303204.021    -2.379     0.00    0.00
-302914.793    -2.379     0.00    0.00
-302625.571    -2.379     0.00    0.00
-302336.355    -2.379     0.00    0.00
-302047.146    -2.379     0.00    0.00
-301757.944    -2.379     0.00    0.00
-301468.748    -2.379     0.00    0.00
-301179.558    -2.379     0.00    0.00
-300890.375    -2.379     0.00    0.00
-300601.198    -2.379     0.00    0.00
-300312.028    -2.379     0.00    0.00
-300022.864    -2.379     0.00    0.00
-299733.706    -2.379     0.00    0.00
-299444.555    -2.379     0.00    0.00
-299155.410    -2.379     0.00    0.00
-298866.272    -2.379     0.00    0.00
-298577.140    -2.379     0.00    0.00
-298288.015    -2.379     0.00    0.00
-297998.895    -2.379     0.00    0.00
-297709.783    -2.379     0.00    0.00
-297420.676    -2.379     0.00    0.00
-297131.576    -2.379     0.00    0.00
-296842.483    -2.379     0.00    0.00
-296553.396    -2.379     0.00    0.00
-296264.315    -2.379     0.00    0.00
-295975.241    -2.379     0.00    0.00
-295686.173    -2.379     0.00    0.00
-295397.111    -2.379     0.00    0.00
-295108.056    -2.379     0.00    0.00
-294819.007    -2.379     0.00    0.00
-294529.965    -2.379     0.00    0.00
-294240.929    -2.379     0.00    0.00
-293951.899    -2.379     0.00    0.00
-293662.876    -2.379     0.00    0.00
-293373.859    -2.379     0.00    0.00
-293084.848    -2.379     0.00    0.00
-292795.844    -2.379     0.00    0.00
-292506.846    -2.379     0.00    0.00
-292217.855    -2.379     0.00    0.00
-291928.870    -2.379     0.00    0.00
-291639.891    -2.379     0.00    0.00
-291350.919    -2.379     0.00    0.00
-291061.953    -2.379     0.00    0.00
-290772.994    -2.379     0.00    0.00
-290484.040    -2.379     0.00    0.00
-290195.094    -2.379     0.00    0.00
-289906.153    -2.379     0.00    0.00
-289617.219    -2.379     0.00    0.00
-289328.291    -2.379     0.00    0.00
-289039.370    -2.379     0.00    0.00
-288750.455    -2.379     0.00    0.00
-288461.546    -2.379     0.00    0.00
-288172.644    -2.379     0.00    0.00
-287883.748    -2.379     0.00    0.00
-287594.858    -2.379     0.00    0.00
-287305.975    -2.379     0.00    0.00
-287017.098    -2.379     0.00    0.00
-286728.227    -2.379     0.00    0.00
-286439.363    -2.379     0.00    0.00
-286150.505    -2.379     0.00    0.00
-285861.654    -2.379     0.00    0.00
-285572.808    -2.379     0.00    0.00
-285283.969    -2.379     0.00    0.00
-284995.137    -2.379     0.00    0.00
-284706.311    -2.379     0.00    0.00
-284417.491    -2.379     0.00    0.00
-284128.677    -2.379     0.00    0.00
-283839.870    -2.379     0.00    0.00
-283551.069    -2.379     0.00    0.00
-283262.274    -2.379     0.00    0.00
-282973.486    -2.379     0.00    0.00
-282684.704    -2.379     0.00    0.00
-282395.928    -2.379     0.00    0.00
-282107.159    -2.379     0.00    0.00
-281818.396    -2.379     0.00    0.00
-281529.639    -2.379     0.00    0.00
-281240.889    -2.379     0.00    0.00
-280952.145    -2.379     0.00    0.00
-280663.407    -2.379     0.00    0.00
-280374.676    -2.379     0.00    0.00
-280085.950    -2.379     0.00    0.00
-279797.232    -2.379     0.00    0.00
-279508.519    -2.379     0.00    0.00
-279219.813    -2.379     0.00    0.00
-278931.113    -2.379     0.00    0.00
-278642.419    -2.379     0.00    0.00
-278353.732    -2.379     0.00    0.00
-278065.051    -2.379     0.00    0.00
-277776.376    -2.379     0.00    0.00
-277487.708    -2.379     0.00    0.00
-277199.046    -2.379     0.00    0.00
-276910.390    -2.379     0.00    0.00
-276621.740    -2.379     0.00    0.00
-276333.097    -2.379     0.00    0.00
-276044.460    -2.379     0.00    0.00
-275755.829    -2.379     0.00    0.00
-275467.205    -2.379     0.00    0.00
-275178.587    -2.379     0.00    0.00
-274889.975    -2.379     0.00    0.00
-274601.369    -2.379     0.00    0.00
-274312.770    -2.379     0.00    0.00
-274024.177    -2.379     0.00    0.00
-273735.590    -2.379     0.00    0.00
-273447.009    -2.379     0.00    0.00
-273158.435    -2.379     0.00    0.00
-272869.867    -2.379     0.00    0.00
-272581.306    -2.379     0.00    0.00
-272292.750    -2.379     0.00    0.00
-272004.201    -2.379     0.00    0.00
-271715.658    -2.379     0.00    0.00
-271427.121    -2.379     0.00    0.00
-271138.591    -2.379     0.00    0.00
-270850.067    -2.379     0.00    0.00
-270561.549    -2.379     0.00    0.00
-270273.037    -2.379     0.00    0.00
-269984.532    -2.379     0.00    0.00
-269696.033    -2.379     0.00    0.00
-269407.079    -2.379     0.00    0.00
-269117.234    -2.379     0.00    0.00
-268827.395    -2.379     0.00    0.00
-268537.562    -2.379     0.00    0.00
-268247.735    -2.379     0.00    0.00
-267957.915    -2.379     0.00    0.00
-267668.101    -2.379     0.00    0.00
-267378.293    -2.379     0.00    0.00
-267088.492    -2.379     0.00    0.00
-266798.697    -2.379     0.00    0.00
-266508.908    -2.379     0.00    0.00
-266219.126    -2.379     0.00    0.00
-265929.349    -2.379     0.00    0.00
-265639.580    -2.379     0.00    0.00
-265349.816    -2.379     0.00    0.00
-265060.059    -2.379     0.00    0.00
-264770.308    -2.379     0.00    0.00
-264480.563    -2.379     0.00    0.00
-264190.825    -2.379     0.00    0.00
-263901.093    -2.379     0.00    0.00
-263611.367    -2.379     0.00    0.00
-263321.647    -2.379     0.00    0.00
-263031.934    -2.379     0.00    0.00
-262742.227    -2.379     0.00    0.00
-262452.526    -2.379     0.00    0.00
-262162.832    -2.379     0.00    0.00
-261873.144    -2.379     0.00    0.00
-261583.462    -2.379     0.00    0.00
-261293.786    -2.379     0.00    0.00
-261004.117    -2.379     0.00    0.00
-260714.454    -2.379     0.00    0.00
-260424.797    -2.379     0.00    0.00
-260135.147    -2.379     0.00    0.00
-259845.502    -2.379     0.00    0.00
-259555.864    -2.379     0.00    0.00
-259266.233    -2.379     0.00    0.00
-258976.607    -2.379     0.00    0.00
-258686.988    -2.379     0.00    0.00
-258397.375    -2.379     0.00    0.00
-258107.768    -2.379     0.00    0.00
-257818.168    -2.379     0.00    0.00
-257528.574    -2.379     0.00    0.00
-257238.986    -2.362     0.06    0.13
-256949.404    -2.141     0.76    1.25
-256659.829    -1.854     0.99    1.95
-256370.259    -1.793     0.21    1.97
-256080.696    -1.689     0.36    2.05
-255791.140    -1.674     0.05    1.91
-255501.589    -1.674     0.00    1.73
-255212.045    -1.603     0.25    1.69
-254922.507    -1.231     1.28    2.22
-254632.975    -0.989     0.84    2.63
-254343.450    -0.650     1.17    3.10
-254053.931    -0.002     2.24    3.62
-253764.418     0.319     1.11    3.92
-253474.911     0.732     1.43    4.16
-253185.410     1.971     4.28    6.54
-252895.916     3.204     4.26    8.28
-252606.428     3.639     1.50    8.70
-252316.946     3.806     0.58    8.44
-252027.470     4.654     2.93    9.09
-251738.001     5.621     3.34   10.03
-251448.538     8.104     8.58   13.78
-251159.081    10.587     8.58   17.34
-250869.630    14.703    14.22   19.86
-250580.185    18.163    11.96   21.51
-250290.747    21.304    10.85   23.18
-250001.315    25.207    13.49   23.88
-249711.889    26.421     4.19   23.39
-249422.469    28.742     8.02   23.15
-249133.056    28.474    -0.93   23.52
-248843.648    28.821     1.20   22.81
-248554.247    28.256    -1.95   22.60
-248264.852    27.621    -2.19   21.27
-247975.464    24.113   -12.12   19.74
-247686.081    22.888    -4.23   18.03
-247396.705    20.414    -8.55   13.82
-247107.335    21.605     4.11   14.88
-246817.971    22.569     3.33   13.55
-246528.613    23.638     3.69   13.14
-246239.262    23.156    -1.67   13.42
-245949.916    22.604    -1.91   13.80
-245660.577    21.976    -2.17   13.37
-245371.244    21.605    -1.28   13.77
-245081.917    20.992    -2.12   14.19
-244792.597    20.463    -1.83   15.68
-244503.282    18.354    -7.29   14.90
-244213.974    19.121     2.65   15.13
-243924.672    20.895     6.13   16.00
-243635.376    22.088     4.12   16.61
-243346.087    23.734     5.69   17.59
-243056.803    22.604    -3.91   17.66
-242767.526    22.804     0.69   16.70
-242478.255    25.342     8.77   17.01
-242188.990    26.207     2.99   16.78
-241899.731    27.392     4.09   16.09
-241610.478    26.966    -1.47   15.70
-241321.232    30.469    12.11   16.85
-241031.992    35.367    16.94   16.83
-240742.757    36.750     4.78   16.44
-240453.529    34.510    -7.75   17.26
-240164.308    33.587    -3.19   17.46
-239875.092    31.321    -7.84   19.32
-239585.883    26.821   -15.56   18.36
-239296.679    24.054    -9.57   16.50
-239007.482    19.725   -14.97   16.21
-238718.291    17.748    -6.84   16.44
-238429.106    16.670    -3.73   16.41
-238139.927    14.485    -7.56   16.34
-237850.755    12.569    -6.63   15.22
-237561.588     8.214   -15.06   11.85
-237272.428     5.137   -10.64    8.07
-236983.274     3.188    -6.74    4.68
-236694.126     2.732    -1.58    3.63
-236404.984     2.393    -1.17    3.67
-236115.848     2.740     1.20    3.63
-235826.719     3.404     2.30    3.77
-235537.595     3.891     1.68    3.72
-235248.478     5.351     5.05    5.58
-234959.367     6.688     4.62    6.88
-234670.262     7.488     2.77    8.97
-234381.163     8.774     4.45   10.84
-234092.070    11.277     8.66   13.69
-233802.983    12.288     3.50   14.50
-233513.903    15.669    11.70   16.63
-233224.828    17.637     6.81   16.58
-232935.760    19.138     5.19   15.79
-232646.698    21.553     8.36   15.28
-232357.642    23.571     6.98   14.15
-232068.592    25.234     5.75   13.49
-231779.548    26.035     2.77   13.79
-231490.510    27.769     6.00   15.57
-231201.479    28.018     0.86   19.03
-230912.453    27.163    -2.96   20.67
-230623.434    28.277     3.85   21.06
-230334.421    27.605    -2.33   21.49
-230045.414    28.669     3.68   20.05
-229756.413    28.949     0.97   18.90
-229467.418    29.438     1.69   15.69
-229178.429    31.067     5.64   14.52
-228889.446    28.605    -8.52   15.22
-228600.469    26.129    -8.57   15.46
-228311.499    24.883    -4.31   13.98
-228022.535    24.638    -0.85   14.67
-227733.576    27.225     8.95   17.92
-227444.624    31.719    15.56   20.78
-227155.678    33.367     5.70   22.02
-226866.738    37.234    13.39   20.70
-226577.804    42.276    17.45   21.82
-226288.876    43.554     4.42   21.01
-225999.954    44.740     4.10   20.74
-225711.038    45.359     2.14   21.14
-225422.129    44.234    -3.89   21.19
-225133.225    41.047   -11.03   21.98
-224844.328    35.621   -18.78   23.16
-224555.436    25.875   -33.74   20.91
-224266.551    17.854   -27.77   16.90
-223977.672    13.466   -15.19   15.39
-223688.798    12.879    -2.03   14.41
-223399.931    13.553     2.33   16.04
-223111.070    19.736    21.41   22.23
-222822.215    26.138    22.17   23.96
-222533.366    34.502    28.96   23.01
-222244.524    41.015    22.55   21.32
-221955.687    43.260     7.78   22.07
-221666.856    42.089    -4.06   23.47
-221378.032    40.514    -5.45   23.05
-221089.213    38.821    -5.86   23.43
-220800.400    37.604    -4.21   22.09
-220511.594    33.411   -14.52   21.75
-220222.794    32.195    -4.21   20.32
-219933.999    34.392     7.61   20.69
-219645.211    38.282    13.47   21.35
-219356.429    36.604    -5.81   20.21
-219067.652    38.506     6.59   19.83
-218778.882    42.931    15.33   19.31
-218490.118    46.298    11.66   17.51
-218201.360    47.671     4.75   17.23
-217912.608    48.242     1.98   15.93
-217623.862    49.638     4.84   14.95
-217335.122    53.388    12.99   15.23
-217046.388    54.508     3.88   14.23
-216757.660    52.401    -7.30   15.80
-216468.939    45.441   -24.11   19.00
-216180.223    39.989   -18.88   18.38
-215891.513    33.238   -23.39   18.22
-215602.809    27.982   -18.21   12.50
-215314.112    24.177   -13.18   10.21
-215025.420    23.272    -3.13    9.99
-214736.734    23.129    -0.49    9.80
-214448.055    21.384    -6.05   10.87
-214159.381    19.069    -8.02   11.43
-213870.714    17.900    -4.05   11.41
-213582.052    18.299     1.38   10.56
-213293.397    18.428     0.45   10.09
-213004.747    18.788     1.25    9.22
-212716.104    20.121     4.62    8.02
-212427.466    21.293     4.06    6.73
-212138.835    21.490     0.68    6.00
-211850.209    21.129    -1.25    6.10
-211561.590    19.759    -4.75    7.19
-211272.976    18.457    -4.51    8.08
-210984.369    17.536    -3.19    9.33
-210695.767    15.299    -7.75   10.70
-210407.172    12.539    -9.56   10.56
-210118.583    10.080    -8.52   10.11
-209829.999     9.288    -2.75    9.85
-209541.422     8.062    -4.25    9.04
-209252.850     6.804    -4.36    7.54
-208964.285     5.270    -5.32    5.06
-208675.725     4.939    -1.15    4.82
-208387.172     4.104    -2.89    4.41
-208098.625     3.298    -2.79    3.78
-207810.083     2.204    -3.79    2.29
-207521.548     1.966    -0.83    1.60
-207232.923     2.375     1.42    1.73
-206943.100     2.367    -0.03    1.63
-206653.283     2.444     0.27    1.56
-206363.472     2.638     0.67    1.76
-206073.668     3.138     1.72    2.07
-205783.869     3.690     1.91    2.51
-205494.076     3.883     0.67    2.70
-205204.289     4.031     0.51    2.97
-204914.509     4.066     0.12    3.03
-204624.734     3.982    -0.29    3.15
-204334.966     3.638    -1.19    3.20
-204045.203     2.954    -2.36    3.05
-203755.447     2.207    -2.58    3.01
-203465.696     2.096    -0.38    3.01
-203175.952     2.485     1.34    3.60
-202886.213     2.740     0.88    4.03
-202596.481     2.897     0.54    4.13
-202306.755     3.304     1.41    4.29
-202017.034     4.315     3.49    6.05
-201727.320     5.359     3.60    7.97
-201437.612     6.573     4.19   10.49
-201147.909     9.121     8.80   15.22
-200858.213    11.588     8.52   19.62
-200568.523    17.471    20.31   25.61
-200278.839    23.859    22.05   30.76
-199989.160    32.700    30.52   34.28
-199699.488    38.736    20.84   35.64
-199409.822    45.689    24.01   34.48
-199120.162    50.673    17.21   32.87
-198830.507    53.982    11.42   30.89
-198540.859    58.154    14.41   27.87
-198251.217    61.557    11.75   24.54
-197961.581    62.804     4.31   21.74
-197671.951    62.604    -0.69   21.59
-197382.326    57.723   -16.85   23.65
-197092.708    49.621   -27.98   27.93
-196803.096    43.589   -20.83   28.98
-196513.490    40.862    -9.42   28.62
-196223.889    30.321   -36.40   23.45
-195934.295    27.079   -11.20   20.64
-195644.707    26.588    -1.70   19.59
-195355.125    33.021    22.22   20.20
-195065.548    37.542    15.61   18.12
-194775.978    36.218    -4.57   17.37
-194486.414    34.854    -4.71   16.93
-194196.855    34.371    -1.67   16.64
-193907.303    29.362   -17.30   18.92
-193617.756    23.211   -21.25   17.47
-193328.216    19.087   -14.25   12.27
-193038.681    16.688    -8.29   11.39
-192749.153    17.690     3.46   12.84
-192459.630    17.079    -2.11   12.90
-192170.114    17.863     2.71   12.60
-191880.603    19.954     7.22   13.12
-191591.099    21.057     3.81   13.17
-191301.600    19.375    -5.81   13.74
-191012.107    20.154     2.69   12.61
-190722.621    20.200     0.16   12.57
-190433.140    24.089    13.43   15.85
-190143.665    30.506    22.17   22.59
-189854.196    36.588    21.01   25.72
-189564.733    44.638    27.81   25.87
-189275.276    49.838    17.96   22.65
-188985.825    52.488     9.16   21.31
-188696.380    51.862    -2.16   21.31
-188406.941    46.218   -19.50   22.08
-188117.508    38.388   -27.06   21.30
-187828.081    26.875   -39.78   15.23
-187538.659    22.553   -14.93   11.09
-187249.244    21.408    -3.96    9.37
-186959.835    21.669     0.90    9.41
-186670.431    23.841     7.51   10.27
-186381.034    26.441     8.98   11.67
-186091.642    27.904     5.06   10.34
-185802.257    29.221     4.55    9.70
-185512.877    28.350    -3.01   10.09
-185223.503    26.492    -6.42    9.78
-184934.135    24.506    -6.86    9.38
-184644.773    22.304    -7.61    8.82
-184355.417    20.248    -7.11    8.25
-184066.067    20.138    -0.38    8.69
-183776.723    20.113    -0.09    9.26
-183487.385    18.538    -5.45   10.24
-183198.053    17.686    -2.95   11.31
-182908.726    17.621    -0.22   11.51
-182619.406    18.604     3.40   11.91
-182330.091    18.988     1.33   11.98
-182040.783    17.638    -4.67   11.84
-181751.480    18.557     3.18   11.49
-181462.183    19.587     3.56   11.60
-181172.893    22.138     8.82   12.01
-180883.608    26.972    16.71   16.57
-180594.329    34.460    25.89   23.50
-180305.055    36.121     5.74   23.89
-180015.788    38.351     7.71   22.37
-179726.527    39.804     5.02   22.70
-179437.271    39.035    -2.66   22.91
-179148.022    35.943   -10.69   24.01
-178858.778    29.156   -23.47   20.68
-178569.540    24.998   -14.37   17.52
-178280.309    22.156    -9.83   16.60
-177991.083    21.130    -3.55   17.80
-177701.863    18.087   -10.52   14.95
-177412.648    15.454    -9.10   15.32
-177123.440    16.272     2.83   14.15
-176834.238    16.938     2.30   15.05
-176545.041    17.992     3.65   16.28
-176255.851    18.797     2.78   17.07
-175966.666    18.471    -1.13   17.22
-175677.487    16.888    -5.48   15.82
-175388.314    15.097    -6.19   15.14
-175099.147    11.228   -13.38   12.08
-174809.986     8.031   -11.06   10.33
-174520.830     4.035   -13.82    4.76
-174231.681     2.977    -3.66    2.73
-173942.537     2.738    -0.83    2.59
-173653.400     2.038    -2.42    2.55
-173364.268     1.315    -2.50    2.19
-173075.142     0.943    -1.29    1.98
-172786.022     0.776    -0.58    1.62
-172496.907     0.299    -1.65    1.66
-172207.799     1.572     4.40    6.41
-171918.697     3.685     7.31   10.37
-171629.600     5.880     7.59   12.07
-171340.509     8.671     9.66   13.72
-171051.424    11.971    11.42   15.82
-170762.345    12.338     1.27   15.35
-170473.272    14.723     8.25   15.93
-170184.205    17.146     8.38   17.12
-169895.143    19.637     8.62   18.13
-169606.087    24.271    16.03   19.98
-169317.038    29.121    16.78   20.91
-169027.994    31.587     8.53   20.22
-168738.955    33.031     5.00   17.57
-168449.923    34.435     4.86   16.83
-168160.897    35.589     3.99   15.60
-167871.876    37.214     5.62   13.23
-167582.861    35.931    -4.44   11.54
-167293.852    36.064     0.46   11.25
-167004.849    36.354     1.01   11.60
-166715.852    34.277    -7.19   11.25
-166426.861    32.069    -7.64   12.15
-166137.875    29.954    -7.32   12.38
-165848.895    27.362    -8.97   13.34
-165559.921    26.539    -2.85   13.70
-165270.953    23.342   -11.06   15.55
-164981.991    21.066    -7.88   17.05
-164693.035    19.129    -6.70   18.09
-164404.084    18.045    -3.75   18.51
-164115.139    17.638    -1.41   18.22
-163826.200    14.018   -12.53   17.45
-163537.267    12.096    -6.65   15.29
-163248.340    10.469    -5.63   12.04
-162959.418     8.570    -6.57    9.52
-162670.503     7.931    -2.21    9.17
-162381.593     8.554     2.16    9.85
-162092.689    11.460    10.06   11.84
-161803.790    12.900     4.98   12.10
-161514.898    14.018     3.87   12.33
-161226.011    15.411     4.82   12.96
-160937.130    16.338     3.21   12.99
-160648.255    16.045    -1.01   12.77
-160359.386    14.018    -7.02   12.28
-160070.523    12.298    -5.95   11.57
-159781.665    10.900    -4.84   11.65
-159492.813     8.689    -7.65   10.36
-159203.967     6.690    -6.92    8.14
-158915.127     6.178    -1.77    8.80
-158626.292     5.536    -2.22    8.73
-158337.464     5.266    -0.94    8.59
-158048.641     5.523     0.89    8.61
-157759.824     6.225     2.43   10.44
-157471.013     5.690    -1.85    9.40
-157182.207     8.054     8.19   11.54
-156893.407    10.379     8.05   13.85
-156604.613    12.380     6.93   15.96
-156315.825    12.719     1.18   15.53
-156027.043    11.569    -3.98   15.45
-155738.266    11.113    -1.58   15.17
-155449.495    10.146    -3.35   14.40
-155160.730     7.178   -10.28   10.46
-154871.971     7.431     0.87   10.46
-154583.218     8.759     4.60   10.94
-154294.470    11.821    10.61   14.10
-154005.728    14.532     9.39   18.88
-153716.992    15.831     4.50   20.05
-153428.261    20.064    14.66   23.72
-153139.537    22.949     9.99   25.27
-152850.818    25.791     9.84   26.52
-152562.105    28.518     9.45   27.47
-152273.397    27.146    -4.75   25.94
-151984.696    27.469     1.12   24.77
-151696.000    29.637     7.51   25.64
-151407.310    32.552    10.10   25.26
-151118.625    36.554    13.86   24.33
-150829.947    40.146    12.44   24.63
-150541.274    43.621    12.04   22.75
-150252.607    39.732   -13.47   22.49
-149963.945    38.954    -2.69   22.14
-149675.290    35.895   -10.60   21.99
-149386.640    30.104   -20.07   21.81
-149097.996    21.688   -29.16   17.95
-148809.358    15.190   -22.51   14.36
-148520.725    11.933   -11.29   13.07
-148232.098     9.988    -6.74   11.91
-147943.477     6.401   -12.43    6.99
-147654.861     4.569    -6.35    3.40
-147366.252     4.338    -0.80    2.62
-147077.648     5.428     3.78    4.97
-146789.050     8.371    10.20    8.82
-146500.457    10.211     6.38    9.64
-146211.870    10.449     0.82   10.47
-145923.289    11.231     2.71   11.28
-145634.714    13.604     8.22   12.22
-145346.145    16.277     9.26   13.84
-145057.581    18.847     8.91   14.39
-144768.015    19.808     3.32   14.79
-144478.219    20.771     3.33   15.02
-144188.429    21.288     1.78   14.55
-143898.644    19.621    -5.75   14.27
-143608.865    20.587     3.33   14.30
-143319.092    21.540     3.29   13.80
-143029.325    23.719     7.52   15.38
-142739.563    25.401     5.80   16.86
-142449.808    27.350     6.73   17.09
-142160.058    31.791    15.33   18.89
-141870.313    32.096     1.06   18.94
-141580.575    28.880   -11.10   19.97
-141290.842    28.004    -3.02   19.86
-141001.115    22.824   -17.88   17.41
-140711.394    19.449   -11.65   16.96
-140421.679    16.589    -9.87   13.63
-140131.969    17.038     1.55   13.27
-139842.265    18.540     5.19   13.20
-139552.567    20.551     6.94   13.53
-139262.874    21.904     4.67   12.54
-138973.188    24.025     7.32   13.08
-138683.507    25.686     5.73   12.57
-138393.831    29.171    12.03   11.46
-138104.162    29.736     1.95   10.66
-137814.498    30.535     2.76    8.84
-137524.840    30.921     1.33    8.83
-137235.188    31.721     2.76    9.04
-136945.542    32.259     1.86    8.75
-136655.901    32.769     1.76    8.23
-136366.266    32.554    -0.74    8.29
-136076.636    32.638     0.29    7.79
-135787.013    32.943     1.05    7.43
-135497.395    33.982     3.59    8.30
-135207.783    35.363     4.77    7.40
-134918.176    36.231     3.00    7.12
-134628.576    36.457     0.78    6.99
-134338.981    36.271    -0.64    6.98
-134049.392    36.757     1.68    6.75
-133759.808    37.079     1.11    7.10
-133470.230    36.851    -0.79    7.18
-133180.658    37.424     1.98    8.17
-132891.092    37.371    -0.18    9.21
-132601.531    37.723     1.21   10.19
-132311.976    38.138     1.44   10.50
-132022.427    36.506    -5.64   11.16
-131732.884    33.841    -9.20   10.28
-131443.346    32.047    -6.20    9.63
-131153.814    31.130    -3.17    9.12
-130864.287    29.725    -4.85    8.53
-130574.767    30.260     1.85    8.54
-130285.252    30.871     2.11    8.85
-129995.743    31.105     0.81    8.98
-129706.239    31.779     2.33    8.98
-129416.741    33.571     6.19    9.33
-129127.249    35.305     5.99   10.36
-128837.762    36.539     4.26    9.88
-128548.282    37.288     2.59    9.41
-128258.807    37.785     1.72    9.06
-127969.337    36.841    -3.26    7.09
-127679.873    35.845    -3.44    7.22
-127390.415    34.490    -4.68    6.91
-127100.963    33.914    -1.99    6.47
-126811.516    34.008     0.32    6.78
-126522.075    34.704     2.41    7.14
-126232.640    37.328     9.06    8.75
-125943.210    39.328     6.91    8.35
-125653.787    40.769     4.98    7.49
-125364.368    40.588    -0.62    8.12
-125074.956    40.190    -1.38    8.59
-124785.549    39.703    -1.68    9.17
-124496.148    38.740    -3.33    8.59
-124206.752    38.265    -1.64    6.92
-123917.362    39.138     3.02    7.17
-123627.978    40.965     6.32    9.07
-123338.599    42.462     5.17    9.28
-123049.226    44.926     8.51   12.35
-122759.859    45.871     3.27   12.44
-122470.498    47.884     6.96   12.69
-122181.142    50.428     8.79   12.60
-121891.791    57.521    24.52   20.92
-121602.447    63.637    21.14   21.52
-121313.108    68.587    17.11   20.87
-121023.774    75.138    22.64   20.89
-120734.447    77.621     8.58   19.48
-120445.125    81.299    12.71   19.94
-120155.809    83.769     8.54   20.09
-119866.498    86.914    10.87   20.07
-119577.193    86.971     0.20   21.26
-119287.893    88.214     4.30   21.77
-118998.600    90.146     6.68   22.61
-118709.312    95.121    17.20   22.68
-118420.029    96.506     4.79   22.33
-118130.752    91.238   -18.21   23.89
-117841.481    85.104   -21.21   24.23
-117552.216    82.121   -10.31   23.59
-117262.956    76.242   -20.33   22.46
-116973.701    67.891   -28.87   19.51
-116684.453    60.045   -27.13   15.19
-116395.210    55.977   -14.06   13.50
-116105.972    52.793   -11.01   12.95
-115816.740    50.028    -9.56   11.23
-115527.514    52.266     7.74   15.16
-115238.294    56.921    16.10   18.27
-114949.079    59.976    10.56   17.39
-114659.870    62.270     7.93   17.09
-114370.666    63.621     4.67   15.96
-114081.468    62.454    -4.03   17.53
-113792.276    56.895   -19.22   19.80
-113503.089    48.161   -30.20   21.10
-113213.908    41.521   -22.96   21.25
-112924.732    34.638   -23.80   23.02
-112635.562    29.225   -18.72   23.93
-112346.398    23.854   -18.57   22.90
-112057.239    17.421   -22.25   20.65
-111768.086    14.859    -8.86   19.81
-111478.938     9.621   -18.12   14.17
-111189.796     6.207   -11.81    7.85
-110900.660     6.384     0.61    7.66
-110611.529     7.225     2.91    9.23
-110322.404    10.277    10.56   12.17
-110033.285    12.621     8.11   13.67
-109744.171    16.079    11.96   15.64
-109455.062    17.138     3.67   17.85
-109165.960    18.333     4.13   18.15
-108876.863    17.478    -2.96   18.18
-108587.771    15.771    -5.91   17.15
-108298.685    14.992    -2.69   15.37
-108009.605    14.340    -2.25   12.14
-107720.530    16.054     5.93   11.36
-107431.461    20.469    15.27   13.03
-107142.397    24.161    12.77   14.13
-106853.339    27.424    11.29   13.60
-106564.286    31.195    13.04   14.72
-106275.240    37.466    21.70   15.09
-105986.198    40.242     9.60   14.42
-105697.163    43.254    10.42   13.42
-105408.132    47.146    13.47   15.84
-105119.108    50.277    10.83   16.65
-104830.089    56.071    20.05   20.34
-104541.075    62.052    20.70   22.70
-104252.067    71.707    33.41   27.75
-103963.065    81.392    33.51   26.50
-103674.068    86.478    17.60   24.47
-103385.077    93.983    25.97   23.11
-103096.092    97.359    11.68   20.44
-102807.112   100.371    10.42   18.78
-102518.137    99.062    -4.53   19.45
-102229.168   100.392     4.60   20.28
-101940.205   102.965     8.91   20.82
-101651.247   100.928    -7.05   21.64
-101362.295   100.485    -1.53   21.04
-101073.348   103.338     9.87   22.67
-100784.407   104.814     5.11   23.45
-100495.471   104.669    -0.50   22.56
-100206.541   102.738    -6.68   21.44
 -99917.616   104.162     4.93   20.51
 -99628.697   101.316    -9.85   20.68
 -99339.784    92.621   -30.10   22.01
 -99050.876    84.506   -28.09   22.40
 -98761.974    77.113   -25.59   20.80
 -98473.077    70.719   -22.13   17.47
 -98184.186    63.500   -24.99   14.80
 -97895.300    54.971   -29.53   14.01
 -97606.420    50.571   -15.23   13.66
 -97317.545    47.506   -10.61   12.70
 -97028.676    46.879    -2.17   12.24
 -96739.812    46.954     0.26   11.67
 -96450.954    49.071     7.33   12.21
 -96162.102    53.502    15.34   12.80
 -95873.255    57.604    14.20   14.10
 -95584.413    61.052    11.94   13.87
 -95295.577    60.859    -0.67   13.31
 -95006.747    60.015    -2.92   13.87
 -94717.922    57.265    -9.52   15.34
 -94429.102    54.500    -9.57   15.81
 -94140.288    49.914   -15.88   12.11
 -93851.480    47.815    -7.27    9.64
 -93562.677    46.721    -3.79    8.90
 -93273.880    47.954     4.27   10.52
 -92985.088    50.265     8.00   12.67
 -92696.301    54.414    14.37   14.77
 -92407.520    58.571    14.40   15.32
 -92118.745    65.146    22.77   17.12
 -91829.975    70.057    17.01   16.65
 -91541.211    73.983    13.60   16.36
 -91252.452    74.221     0.82   17.88
 -90963.699    70.225   -13.84   16.63
 -90674.951    68.670    -5.38   16.62
 -90386.209    68.871     0.70   16.94
 -90097.472    68.383    -1.69   16.87
 -89808.740    68.031    -1.22   16.31
 -89520.015    66.570    -5.06   16.92
 -89231.294    65.771    -2.77   18.13
 -88942.579    60.949   -16.70   21.69
 -88653.870    56.277   -16.18   23.57
 -88365.166    49.914   -22.04   22.11
 -88076.468    41.933   -27.65   16.47
 -87787.775    35.793   -21.27   11.13
 -87499.087    32.536   -11.28    9.21
 -87210.405    29.408   -10.84    7.54
 -86921.729    29.162    -0.85    8.41
 -86633.058    29.218     0.19    8.94
 -86344.392    29.496     0.96   10.38
 -86055.732    31.038     5.34   11.80
 -85767.078    33.707     9.25   13.39
 -85478.429    39.976    21.72   16.75
 -85189.785    47.113    24.73   19.49
 -84901.147    52.488    18.62   22.97
 -84612.514    54.113     5.63   24.64
 -84323.887    52.271    -6.38   25.34
 -84035.265    48.801   -12.02   26.32
 -83746.649    42.087   -23.27   20.75
 -83458.038    38.367   -12.89   19.37
 -83169.433    34.736   -12.58   16.96
 -82880.833    33.180    -5.39   14.19
 -82591.588    33.897     2.48   13.32
 -82301.816    34.688     2.73   12.80
 -82012.051    36.847     7.45   12.65
 -81722.291    39.569     9.40   13.48
 -81432.536    46.054    22.38   16.94
 -81142.787    54.180    28.05   21.75
 -80853.043    61.138    24.01   22.71
 -80563.305    63.211     7.15   22.12
 -80273.573    62.438    -2.67   24.68
 -79983.845    58.557   -13.40   27.92
 -79694.124    50.340   -28.36   30.60
 -79404.408    39.371   -37.86   26.58
 -79114.697    29.218   -35.05   18.06
 -78824.992    24.089   -17.70   12.54
 -78535.292    19.988   -14.16   11.81
 -78245.598    17.326    -9.19   11.92
 -77955.909    15.362    -6.78   11.22
 -77666.226    13.841    -5.25   10.48
 -77376.548    11.471    -8.18    8.59
 -77086.876    11.173    -1.03    9.60
 -76797.209    12.703     5.28   11.72
 -76507.548    14.096     4.81   11.49
 -76217.892    16.018     6.64   11.32
 -75928.242    16.977     3.31   10.44
 -75638.597    18.851     6.47    9.75
 -75348.957    20.460     5.56   10.02
 -75059.323    21.121     2.28    9.41
 -74769.695    21.883     2.63    9.37
 -74480.072    22.388     1.74    8.03
 -74190.454    25.553    10.93    9.60
 -73900.842    28.808    11.24   11.33
 -73611.236    33.031    14.58   15.39
 -73321.634    34.363     4.60   15.12
 -73032.039    35.054     2.39   14.95
 -72742.448    33.238    -6.27   13.59
 -72452.864    30.362    -9.93   11.27
 -72163.284    31.818     5.03   13.20
 -71873.710    33.960     7.40   14.54
 -71584.142    36.178     7.66   14.70
 -71294.579    39.949    13.02   17.43
 -71005.021    46.931    24.12   20.27
 -70715.469    53.916    24.12   21.10
 -70425.923    62.621    30.06   24.99
 -70136.382    70.476    27.13   25.12
 -69846.846    75.728    18.14   23.19
 -69557.315    72.754   -10.27   25.75
 -69267.791    69.483   -11.30   26.65
 -68978.271    66.428   -10.55   26.07
 -68688.757    60.769   -19.55   25.35
 -68399.249    54.523   -21.57   19.98
 -68109.745    51.265   -11.25   13.43
 -67820.248    50.774    -1.70   12.53
 -67530.755    50.687    -0.30   14.22
 -67241.269    47.311   -11.66   12.61
 -66951.787    44.998    -7.99    9.99
 -66662.311    43.572    -4.93   10.02
 -66372.841    42.190    -4.77    9.26
 -66083.376    43.362     4.05   11.27
 -65793.916    47.154    13.10   14.43
 -65504.462    49.801     9.14   15.51
 -65215.013    52.242     8.43   17.03
 -64925.569    61.904    33.38   24.89
 -64636.131    73.077    38.60   31.29
 -64346.699    86.293    45.66   34.21
 -64057.271    99.228    44.69   32.82
 -63767.849   109.011    33.80   29.99
 -63478.433   115.218    21.45   25.77
 -63189.022   119.165    13.64   23.44
 -62899.617   116.871    -7.93   23.85
 -62610.216   120.130    11.26   19.95
 -62320.822   118.186    -6.72   20.78
 -62031.432   113.654   -15.66   19.78
 -61742.048   112.031    -5.61   18.94
 -61452.670   114.242     7.64   22.27
 -61163.297   117.841    12.44   25.38
 -60873.929   121.071    11.16   25.44
 -60584.566   126.707    19.48   27.21
 -60295.209   133.347    22.95   27.75
 -60005.858   140.004    23.01   25.73
 -59716.512   146.621    22.87   23.38
 -59427.171   151.570    17.11   22.19
 -59137.835   153.949     8.22   19.79
 -58848.505   149.923   -13.92   21.85
 -58559.181   143.156   -23.39   24.04
 -58269.862   135.982   -24.80   23.88
 -57980.548   131.654   -14.96   22.89
 -57691.239   127.146   -15.58   19.85
 -57401.936   128.367     4.22   20.59
 -57112.638   132.031    12.67   22.48
 -56823.346   136.506    15.47   21.03
 -56534.059   139.038     8.75   18.96
 -56244.777   137.621    -4.90   18.43
 -55955.501   132.121   -19.01   17.96
 -55666.230   129.244    -9.95   17.84
 -55376.965   128.299    -3.27   18.99
 -55087.705   128.359     0.21   20.67
 -54798.450   129.569     4.19   22.03
 -54509.200   131.740     7.50   23.95
 -54219.956   134.202     8.51   23.64
 -53930.718   138.824    15.98   23.32
 -53641.484   141.769    10.18   23.80
 -53352.256   146.586    16.66   24.24
 -53063.034   151.954    18.56   23.83
 -52773.817   155.254    11.41   23.25
 -52484.605   159.750    15.54   21.63
 -52195.398   166.228    22.40   17.79
 -51906.197   169.401    10.97   15.09
 -51617.001   171.452     7.09   12.97
 -51327.811   172.354     3.12   10.59
 -51038.625   171.818    -1.86   10.22
 -50749.446   172.742     3.20    8.85
 -50460.271   173.879     3.93    8.13
 -50171.102   174.015     0.47    8.75
 -49881.938   175.502     5.15    8.52
 -49592.780   176.673     4.05    8.23
 -49303.627   177.384     2.46    9.26
 -49014.479   176.867    -1.79   11.15
 -48725.337   174.449    -8.36   14.62
 -48436.200   169.271   -17.91   18.55
 -48147.068   165.045   -14.62   20.04
 -47857.941   159.466   -19.30   20.07
 -47568.820   154.146   -18.40   20.82
 -47279.705   149.688   -15.42   19.73
 -46990.594   145.621   -14.07   17.59
 -46701.489   141.853   -13.03   16.93
 -46412.389   139.988    -6.45   16.20
 -46123.295   136.218   -13.04   15.70
 -45834.206   132.008   -14.56   17.58
 -45545.122   126.808   -17.99   18.00
 -45256.043   122.441   -15.11   18.91
 -44966.970   116.841   -19.37   18.37
 -44677.902   111.742   -17.64   16.96
 -44388.840   105.818   -20.49   15.98
 -44099.782   102.931    -9.99   16.42
 -43810.730   101.460    -5.09   14.34
 -43521.684   102.554     3.79   13.73
 -43232.643   100.397    -7.46   15.50
 -42943.606   101.966     5.43   18.00
 -42654.576   106.310    15.03   18.04
 -42365.550   111.539    18.09   16.68
 -42076.530   115.690    14.36   17.28
 -41787.515   122.555    23.76   18.36
 -41498.506   127.914    18.54   18.76
 -41209.502   136.723    30.48   16.21
 -40920.503   141.687    17.18   15.42
 -40631.509   146.637    17.13   15.63
 -40342.521   152.589    20.59   14.71
 -40053.538   157.673    17.59   14.81
 -39764.560   161.771    14.18   13.69
 -39475.588   166.282    15.61   12.75
 -39186.620   167.331     3.63   13.35
 -38897.659   169.752     8.38   12.80
 -38608.702   169.718    -0.12   14.02
 -38319.751   170.994     4.42   14.30
 -38030.805   173.914    10.11   15.33
 -37741.864   177.721    13.18   15.39
 -37452.928   181.604    13.44   16.22
 -37163.998   185.326    12.88   16.61
 -36875.073   189.328    13.85   18.42
 -36586.154   194.299    17.21   18.65
 -36297.239   198.449    14.36   17.29
 -36008.330   200.738     7.92   16.60
 -35719.426   201.510     2.67   16.79
 -35430.528   200.954    -1.92   16.25
 -35141.634   196.904   -14.02   16.80
 -34852.746   193.259   -12.62   16.20
 -34563.864   189.921   -11.55   15.18
 -34274.986   189.721    -0.69   15.42
 -33986.114   191.066     4.65   15.67
 -33697.247   195.161    14.18   16.54
 -33408.385   198.154    10.36   16.52
 -33119.529   202.350    14.52   14.64
 -32830.677   205.989    12.60   14.33
 -32541.831   209.186    11.07   13.15
 -32252.991   210.838     5.72   12.49
 -31964.155   211.024     0.65   12.20
 -31675.325   209.921    -3.82   12.62
 -31386.500   208.983    -3.25   12.33
 -31097.680   205.994   -10.35   12.67
 -30808.866   199.146   -23.71   12.38
 -30520.057   194.408   -16.41   11.96
 -30231.253   191.259   -10.90   11.86
 -29942.454   190.146    -3.85   11.79
 -29653.660   190.690     1.88   11.60
 -29364.872   190.871     0.63   11.45
 -29076.089   193.208     8.09   11.53
 -28787.311   195.221     6.97   10.93
 -28498.539   197.153     6.69   10.88
 -28209.771   199.849     9.34   11.43
 -27921.009   201.688     6.37   10.49
 -27632.252   205.862    14.46    8.55
 -27343.501   207.153     4.47    8.48
 -27054.754   208.703     5.37    8.06
 -26766.013   209.523     2.84    7.44
 -26477.277   208.845    -2.35    7.55
 -26188.546   207.638    -4.18    8.76
 -25899.821   208.238     2.08    9.79
 -25611.101   206.038    -7.62   12.46
 -25322.386   202.460   -12.39   14.90
 -25033.676   199.113   -11.59   16.76
 -24744.971   196.362    -9.53   18.11
 -24456.272   192.535   -13.26   19.64
 -24167.577   185.588   -24.06   19.13
 -23878.888   181.298   -14.86   17.29
 -23590.204   177.518   -13.10   15.70
 -23301.526   173.338   -14.48   16.30
 -23012.852   168.242   -17.65   17.54
 -22724.184   162.858   -18.65   17.60
 -22435.521   155.703   -24.79   17.11
 -22146.863   148.838   -23.78   17.43
 -21858.211   143.916   -17.05   17.75
 -21569.563   136.972   -24.06   15.85
 -21280.921   132.421   -15.77   15.18
 -20992.284   127.218   -18.03   13.22
 -20703.652   125.557    -5.75   12.04
 -20414.697   121.204   -15.06   12.14
 -20124.946   118.769    -8.41   11.52
 -19835.201   114.035   -16.34   12.43
 -19545.460   109.146   -16.87   13.65
 -19255.725   104.982   -14.37   13.57
 -18965.995   102.282    -9.32   13.96
 -18676.270    99.719    -8.85   14.13
 -18386.550    95.742   -13.73   15.17
 -18096.836    94.328    -4.88   15.16
 -17807.127    94.858     1.83   14.85
 -17517.423    95.326     1.61   13.57
 -17227.724    95.446     0.42   12.60
 -16938.031    93.587    -6.42   14.06
 -16648.342    94.604     3.51   15.73
 -16358.659    96.004     4.83   15.93
 -16068.981    94.488    -5.24   15.75
 -15779.309    93.671    -2.82   14.52
 -15489.641    90.653   -10.42   14.05
 -15199.979    86.171   -15.47   15.73
 -14910.322    81.350   -16.64   16.83
 -14620.671    75.909   -18.78   17.86
 -14331.024    68.569   -25.34   17.01
 -14041.383    65.637   -10.12   17.14
 -13751.746    61.190   -15.36   15.98
 -13462.115    57.080   -14.19   18.31
 -13172.490    52.535   -15.69   19.89
 -12882.869    50.977    -5.38   21.71
 -12593.254    48.928    -7.08   19.99
 -12303.644    44.121   -16.60   18.94
 -12014.039    37.524   -22.78   16.40
 -11724.439    32.709   -16.63   12.47
 -11434.844    33.104     1.37   13.95
 -11145.255    34.754     5.70   14.92
 -10855.671    34.970     0.75   14.81
 -10566.092    37.748     9.59   15.92
 -10276.518    40.154     8.31   15.90
  -9986.949    42.588     8.40   14.46
  -9697.386    43.414     2.85   12.92
  -9407.828    43.604     0.66   12.61
  -9118.275    46.071     8.52   11.62
  -8828.727    46.605     1.84   12.14
  -8539.184    43.421   -11.00   12.75
  -8249.647    38.880   -15.68   14.23
  -7960.114    36.757    -7.33   17.24
  -7670.587    36.121    -2.20   23.64
  -7381.065    35.555    -1.95   30.16
  -7091.548    32.707    -9.84   30.83
  -6802.036    35.130     8.37   36.38
  -6512.530    37.983     9.86   36.75
  -6223.029    36.954    -3.55   32.82
  -5933.532    41.319    15.08   33.40
  -5644.041    50.288    30.98   42.34
  -5354.556    59.904    33.22   49.59
  -5065.075    67.397    25.88   50.23
  -4775.599    75.488    27.95   50.17
  -4486.129    84.771    32.07   45.61
  -4196.664    91.621    23.66   42.64
  -3907.204    94.992    11.65   37.48
  -3617.749    97.588     8.97   29.14
  -3328.299    97.163    -1.47   31.05
  -3038.854    89.305   -27.15   34.68
  -2749.415    75.490   -47.73   41.24
  -2459.981    58.621   -58.28   43.22
  -2170.551    46.250   -42.74   42.69
  -1881.127    35.502   -37.13   40.78
  -1591.709    22.431   -45.16   29.31
  -1302.295    13.834   -29.71   15.63
  -1012.886     9.723   -14.21   10.34
   -723.483     7.605    -7.32    9.29
   -434.085     5.466    -7.39    7.19
   -144.691     5.404    -0.21    7.03
    144.697     4.483    -3.18    5.53
    434.080     4.457    -0.09    5.18
    723.457     6.907     8.47   10.48
   1012.830    10.071    10.93   15.32
   1302.198    19.138    31.33   26.28
   1591.560    28.536    32.48   32.72
   1880.917    40.388    40.96   36.47
   2170.269    59.311    65.40   37.47
   2459.616    67.186    27.22   36.43
   2748.958    69.326     7.40   34.72
   3038.295    68.536    -2.73   34.95
   3327.627    64.311   -14.60   35.29
   3616.953    59.586   -16.33   35.10
   3906.275    58.169    -4.90   34.49
   4195.591    55.338    -9.79   33.07
   4484.902    61.363    20.83   36.93
   4774.208    70.288    30.85   37.53
   5063.509    78.414    28.09   38.90
   5352.805    85.938    26.01   36.32
   5642.096    92.138    21.43   36.36
   5931.381    94.736     8.98   34.29
   6220.662   101.656    23.92   30.44
   6509.937   103.588     6.68   26.03
   6799.208   107.362    13.05   24.36
   7088.473   110.146     9.62   23.19
   7377.733   111.244     3.80   21.56
   7666.988   115.254    13.86   19.00
   7956.238   115.438     0.63   17.00
   8245.483   116.604     4.03   15.90
   8534.723   120.421    13.20   17.12
   8823.957   127.276    23.70   18.42
   9113.187   132.732    18.86   19.70
   9402.411   141.188    29.24   19.51
   9691.631   150.570    32.44   18.43
   9980.845   158.000    25.69   17.62
  10270.054   165.655    26.47   16.67
  10559.259   170.818    17.85   16.07
  10848.458   176.088    18.22   17.62
  11137.652   184.421    28.82   18.50
  11426.841   190.707    21.74   17.81
  11716.024   199.035    28.80   20.93
  12005.203   211.015    41.43   25.59
  12294.377   223.071    41.69   31.06
  12583.545   239.798    57.85   41.08
  12872.709   254.207    49.83   48.10
  13161.867   269.854    54.11   51.14
  13451.021   289.375    67.51   53.32
  13740.169   315.080    88.90   58.55
  14029.312   343.038    96.69   58.70
  14318.451   354.031    38.02   51.69
  14607.584   350.214   -13.20   54.76
  14896.712   339.978   -35.40   66.26
  15185.835   319.521   -70.76   75.99
  15474.953   293.638   -89.52   83.64
  15764.066   260.883  -113.29   76.02
  16053.174   229.943  -107.02   58.68
  16342.276   201.052   -99.93   26.80
  16631.374   191.500   -33.04   19.79
  16920.467   185.571   -20.51   17.75
  17209.555   182.342   -11.17   18.49
  17498.637   177.824   -15.63   18.24
  17787.715   174.088   -12.93   18.86
  18076.787   170.380   -12.83   19.42
  18365.855   165.535   -16.76   17.31
  18654.917   160.178   -18.53   13.47
  18943.974   156.888   -11.38   11.98
  19233.027   153.847   -10.52   11.80
  19522.074   150.983    -9.91   12.76
  19811.116   147.904   -10.65   12.82
  20100.154   142.744   -17.85   12.72
  20389.186   137.879   -16.83   12.66
  20678.213   135.654    -7.70   13.11
  20967.235   133.605    -7.09   14.23
  21256.252   130.138   -11.99   15.37
  21545.264   128.200    -6.71   15.70
  21834.271   128.688     1.69   16.59
  22123.273   132.897    14.56   18.98
  22412.270   138.064    17.88   22.11
  22701.262   141.723    12.66   22.01
  22990.249   146.518    16.59   21.36
  23279.231   148.380     6.44   20.25
  23568.208   154.490    21.14   17.78
  23857.180   158.895    15.24   17.53
  24146.147   161.401     8.67   17.91
  24435.109   166.015    15.97   18.85
  24724.066   172.311    21.79   19.23
  25013.018   179.774    25.83   15.08
  25301.964   185.162    18.65   11.78
  25590.906   188.476    11.47    9.91
  25879.843   189.939     5.06    8.77
  26168.775   188.156    -6.17   10.21
  26457.702   183.804   -15.06   11.44
  26746.624   178.657   -17.82   13.08
  27035.540   176.395    -7.83   11.67
  27324.452   177.408     3.51   12.97
  27613.359   181.282    13.41   18.05
  27902.261   190.519    31.97   25.86
  28191.158   200.328    33.95   26.39
  28480.050   207.054    23.28   23.76
  28768.936   212.035    17.24   18.58
  29057.818   213.047     3.50   15.93
  29346.695   208.759   -14.84   16.62
  29635.567   201.079   -26.59   14.17
  29924.434   197.121   -13.70   10.03
  30213.296   196.688    -1.50    8.75
  30502.153   197.395     2.45    8.57
  30791.005   198.757     4.71    8.99
  31079.852   201.804    10.55    9.18
  31368.694   205.018    11.12    9.17
  31657.531   211.655    22.98   15.25
  31946.363   221.888    35.43   25.61
  32235.190   230.540    29.96   33.10
  32524.012   234.319    13.08   32.83
  32812.829   237.655    11.55   33.16
  33101.641   240.021     8.19   31.18
  33390.448   238.407    -5.59   25.23
  33679.251   237.700    -2.45   24.11
  33968.048   234.304   -11.76   18.00
  34256.840   235.379     3.72   15.80
  34545.627   241.197    20.15   19.24
  34834.410   249.535    28.87   22.42
  35123.187   255.502    20.66   21.98
  35411.960   262.380    23.82   19.23
  35700.727   267.211    16.73   15.76
  35989.490   270.862    12.64   10.77
  36278.247   270.452    -1.42    7.78
  36567.000   268.949    -5.20    6.35
  36855.747   266.163    -9.65    6.49
  37144.490   263.282    -9.98    7.00
  37433.228   261.130    -7.46    7.15
  37721.961   258.538    -8.98    7.12
  38010.689   256.902    -5.67    6.56
  38299.411   256.689    -0.74    6.33
  38588.129   258.688     6.92    8.27
  38876.842   261.843    10.93   10.01
  39165.551   267.145    18.36   11.96
  39454.254   272.621    18.97   13.47
  39742.952   281.521    30.83   16.34
  40031.645   294.112    43.61   26.60
  40320.334   306.113    41.57   34.35
  40609.017   321.926    54.78   37.96
  40897.695   327.782    20.29   35.83
  41186.369   327.954     0.60   34.04
  41475.038   322.466   -19.01   33.75
  41763.740   313.096   -32.46   34.67
  42053.469   301.293   -40.73   34.20
  42343.193   287.605   -47.25   22.88
  42632.912   277.759   -33.98   14.06
  42922.626   270.045   -26.63   10.03
  43212.336   265.862   -14.44    9.36
  43502.040   261.265   -15.87    8.31
  43791.739   257.462   -13.13    8.08
  44081.434   254.288   -10.96    7.16
  44371.123   251.121   -10.93    6.00
  44660.808   248.914    -7.62    5.15
  44950.487   247.858    -3.64    4.85
  45240.162   246.454    -4.85    5.19
  45529.832   244.637    -6.27    4.49
  45819.496   243.256    -4.77    4.75
  46109.156   241.401    -6.40    4.76
  46398.811   238.971    -8.39    5.64
  46688.461   236.728    -7.74    6.59
  46978.106   233.008   -12.84    8.44
  47267.746   228.521   -15.49    9.52
  47557.381   223.982   -15.67   10.34
  47847.011   218.808   -17.86    9.79
  48136.636   214.018   -16.54    9.29
  48426.256   211.015   -10.37    8.75
  48715.872   208.449    -8.86    7.12
  49005.482   207.785    -2.29    6.49
  49295.087   207.707    -0.27    6.57
  49584.688   209.045     4.62    7.55
  49874.284   209.163     0.41    7.20
  50163.874   209.785     2.15    7.05
  50453.460   210.153     1.27    6.66
  50743.041   210.146    -0.02    5.94
  51032.617   209.704    -1.53    5.51
  51322.188   210.504     2.76    5.45
  51611.754   211.858     4.68    5.73
  51901.315   214.621     9.54    5.74
  52190.871   216.359     6.00    6.38
  52480.422   219.834    12.00    7.44
  52769.969   224.621    16.53    8.42
  53059.510   229.113    15.51    8.98
  53349.047   234.673    19.20    9.23
  53638.578   239.096    15.28    8.76
  53928.105   242.282    11.00    7.68
  54217.627   245.015     9.44    6.31
  54507.144   246.276     4.36    5.92
  54796.656   247.604     4.59    5.86
  55086.163   248.260     2.27    6.14
  55375.665   248.221    -0.14    5.66
  55665.163   246.719    -5.19    6.21
  55954.655   244.853    -6.45    6.20
  56244.143   242.238    -9.03    7.74
  56533.625   238.774   -11.97    9.36
  56823.103   234.557   -14.57   10.60
  57112.576   230.982   -12.35    9.27
  57402.044   227.841   -10.85    8.13
  57691.507   226.638    -4.16    7.89
  57980.965   227.431     2.74    7.92
  58270.418   229.538     7.28    8.75
  58559.867   233.704    14.39    9.03
  58849.310   236.129     8.38    8.58
  59138.749   238.774     9.14    9.61
  59428.183   243.311    15.68    9.35
  59717.612   247.875    15.77   10.38
  60007.036   253.759    20.33   11.07
  60296.455   258.260    15.55   11.36
  60585.869   262.897    16.02   10.76
  60875.278   265.904    10.39    8.92
  61164.683   267.518     5.57    7.47
  61454.083   268.994     5.10    6.40
  61743.477   270.944     6.74    6.32
  62032.867   272.521     5.45    6.04
  62322.252   273.411     3.08    6.93
  62611.632   273.989     2.00    7.17
  62901.008   274.672     2.36    7.34
  63190.378   271.854    -9.74   10.07
  63479.744   270.034    -6.29   10.88
  63769.104   268.605    -4.94   11.28
  64058.460   269.088     1.67   11.35
  64347.811   270.054     3.34   12.83
  64637.158   273.200    10.87   13.27
  64926.499   275.900     9.33   12.89
  65215.835   278.654     9.52    9.19
  65505.167   279.462     2.79    7.25
  65794.494   279.821     1.24    6.27
  66083.816   278.328    -5.16    5.66
  66373.133   276.638    -5.84    5.23
  66662.445   274.759    -6.49    4.43
  66951.752   274.375    -1.33    4.56
  67241.055   275.138     2.64    5.22
  67530.352   276.045     3.13    6.02
  67819.645   276.052     0.03    5.90
  68108.933   274.988    -3.68    6.85
  68398.216   273.089    -6.56    7.49
  68687.495   272.299    -2.73    7.24
  68976.768   271.504    -2.75    6.87
  69266.037   271.259    -0.85    6.81
  69555.301   272.384     3.89    7.93
  69844.560   275.304    10.10    8.50
  70133.814   278.153     9.85    8.40
  70423.063   280.685     8.75    7.96
  70712.308   281.858     4.06    8.11
  71001.548   283.688     6.32    7.59
  71290.783   286.585    10.02    7.17
  71580.013   287.847     4.36    7.54
  71869.238   289.441     5.51    7.17
  72158.458   290.769     4.59    6.95
  72447.674   292.536     6.11    7.15
  72736.885   294.087     5.36    7.34
  73026.091   294.904     2.83    7.12
  73315.292   296.000     3.79    6.16
  73604.488   296.424     1.47    6.98
  73893.680   297.483     3.66    7.67
  74182.867   298.828     4.65    8.25
  74472.049   299.225     1.37    8.71
  74761.226   299.195    -0.10    8.37
  75050.398   300.113     3.17    8.03
  75339.566   301.190     3.72    7.12
  75628.728   302.851     5.74    6.52
  75917.886   302.776    -0.26    6.08
  76207.039   302.587    -0.65    6.45
  76496.188   303.671     3.75    6.37
  76785.331   304.883     4.19    7.71
  77074.470   307.702     9.75    9.97
  77363.604   310.200     8.64    9.97
  77652.733   311.138     3.24    9.05
  77941.857   311.032    -0.37   10.14
  78230.977   309.992    -3.60   10.96
  78520.092   306.804   -11.03   13.52
  78809.202   301.277   -19.12   14.78
  79098.307   294.604   -23.08   13.86
  79387.408   289.431   -17.89   11.81
  79676.503   287.854    -5.45   10.44
  79965.594   286.862    -3.43    8.96
  80254.680   286.801    -0.21    8.86
  80543.762   288.259     5.04    9.75
  80832.838   292.138    13.42    9.77
  81121.910   294.776     9.13   10.08
  81410.977   297.474     9.33    9.80
  81700.039   300.444    10.27    9.74
  81989.097   304.362    13.56   11.33
  82278.149   307.818    11.95   12.78
  82567.197   312.604    16.56   16.63
  82856.241   320.587    27.62   25.29
  83145.279   335.204    50.57   40.10
  83434.313   351.015    54.70   46.58
  83723.342   366.293    52.86   50.80
  84012.366   387.165    72.21   56.25
  84301.385   411.621    84.62   59.20
  84590.400   436.014    84.40   62.47
  84879.410   464.557    98.76   68.10
  85168.415   487.838    80.55   69.78
  85457.415   509.654    75.49   65.71
  85746.411   534.466    85.85   52.94
  86035.401   551.808    60.01   42.50
  86324.388   561.738    34.36   33.88
  86613.369   565.345    12.48   28.31
  86902.346   567.064     5.95   27.35
  87191.317   565.113    -6.75   23.87
  87480.285   560.052   -17.51   19.26
  87769.247   555.087   -17.18   17.50
  88058.205   551.244   -13.30   17.27
  88347.158   547.965   -11.35   16.22
  88636.106   544.725   -11.22   16.85
  88925.049   540.211   -15.62   16.40
  89213.988   538.811    -4.85   16.45
  89502.922   540.045     4.27   17.56
  89791.851   539.916    -0.45   16.80
  90080.776   540.401     1.68   17.54
  90369.695   543.474    10.64   18.99
  90658.610   548.446    17.21   19.44
  90947.521   554.054    19.41   18.03
  91236.426   558.112    14.05   18.27
  91525.327   561.428    11.47   18.96
  91814.223   560.738    -2.39   19.31
  92103.115   563.604     9.92   22.66
  92392.002   567.173    12.35   27.43
  92680.884   571.828    16.11   30.31
  92969.761   575.271    11.92   34.39
  93258.634   578.500    11.18   35.28
  93547.501   587.474    31.06   38.40
  93836.365   594.841    25.51   39.75
  94125.223   596.690     6.40   39.09
  94414.077   602.569    20.35   41.27
  94702.926   612.621    34.80   45.92
  94991.770   625.331    44.00   47.49
  95280.610   627.690     8.17   47.60
  95569.445   630.605    10.09   45.58
  95858.275   631.087     1.67   44.75
  96147.100   636.858    19.98   45.22
  96435.921   640.015    10.93   44.33
  96724.737   644.045    13.95   44.54
  97013.549   653.211    31.74   44.82
  97302.356   662.674    32.76   43.50
  97591.158   669.904    25.04   48.31
  97879.955   676.797    23.86   46.63
  98168.748   685.444    29.94   46.35
  98457.536   690.738    18.33   40.58
  98746.319   697.933    24.91   40.00
  99035.097   703.121    17.97   38.95
  99323.871   697.483   -19.52   38.56
  99612.641   694.504   -10.31   37.84
  99901.405   687.862   -23.00   35.25
 100190.165   682.818   -17.47   35.88
 100478.920   680.838    -6.86   39.49
 100767.671   681.087     0.86   40.08
 101056.417   688.311    25.02   41.55
 101345.158   695.204    23.87   38.25
 101633.894   701.146    20.58   39.63
 101922.626   703.173     7.02   41.06
 102211.353   707.104    13.62   41.15
 102500.076   710.902    13.15   38.90
 102788.794   716.759    20.29   39.70
 103077.507   728.916    42.11   49.95
 103366.215   735.655    23.34   53.97
 103654.919   738.024     8.21   53.32
 103943.618   748.884    37.62   48.28
 104233.104   750.238     4.68   46.08
 104522.804   741.446   -30.35   53.34
 104812.500   728.186   -45.77   56.59
 105102.191   710.171   -62.18   51.24
 105391.877   696.375   -47.62   47.99
 105681.559   676.742   -67.77   45.79
 105971.236   663.173   -46.84   42.46
 106260.908   658.654   -15.60   39.56
 106550.576   652.655   -20.71   37.55
 106840.239   646.669   -20.66   34.74
 107129.897   642.875   -13.10   36.66
 107419.550   639.259   -12.48   36.40
 107709.199   628.380   -37.56   40.95
 107998.844   612.028   -56.45   42.08
 108288.483   600.031   -41.42   42.45
 108578.118   592.483   -26.06   42.43
 108867.748   581.604   -37.56   40.83
 109157.374   572.014   -33.11   34.60
 109446.994   561.738   -35.48   34.74
 109736.611   555.970   -19.91   33.90
 110026.222   550.904   -17.49   30.59
 110315.829   551.071     0.58   29.89
 110605.431   549.949    -3.88   28.90
 110895.029   553.838    13.43   29.67
 111184.621   550.035   -13.13   28.80
 111474.209   555.589    19.18   29.94
 111763.793   558.121     8.74   30.20
 112053.372   563.316    17.94   30.89
 112342.946   568.311    17.25   31.40
 112632.516   577.393    31.36   33.70
 112922.080   583.834    22.24   31.64
 113211.641   592.838    31.09   26.47
 113501.196   599.933    24.50   27.12
 113790.747   603.621    12.74   26.46
 114080.293   608.069    15.36   25.07
 114369.835   611.965    13.46   25.96
 114659.372   619.384    25.62   27.69
 114948.904   628.474    31.39   27.40
 115238.432   637.983    32.84   28.37
 115527.955   647.757    33.76   30.81
 115817.474   655.311    26.09   31.86
 116106.987   663.738    29.11   30.83
 116396.497   672.900    31.65   29.87
 116686.001   679.638    23.27   29.45
 116975.501   683.988    15.02   26.29
 117264.996   687.621    12.55   25.58
 117554.487   691.254    12.55   23.78
 117843.973   691.943     2.38   23.31
 118133.454   689.228    -9.38   25.11
 118422.931   682.654   -22.71   25.90
 118712.403   678.553   -14.17   25.04
 119001.870   675.706    -9.84   22.90
 119291.333   673.207    -8.63   19.64
 119580.791   675.605     8.28   20.18
 119870.245   680.028    15.28   23.19
 120159.694   690.572    36.43   26.85
 120449.138   700.225    33.35   26.30
 120738.578   711.231    38.03   23.20
 121028.013   722.096    37.54   22.67
 121317.444   733.171    38.26   24.61
 121606.870   740.916    26.76   23.08
 121896.291   748.937    27.71   21.86
 122185.708   755.431    22.44   21.76
 122475.120   759.824    15.18   21.40
 122764.527   766.211    22.07   20.15
 123053.930   775.137    30.84   24.32
 123343.328   781.983    23.65   27.30
 123632.722   790.604    29.79   29.97
 123922.111   796.011    18.68   28.10
 124211.496   796.688     2.34   29.79
 124500.876   802.454    19.93   32.59
 124790.251   801.415    -3.59   35.55
 125079.622   800.904    -1.76   36.60
 125368.988   800.428    -1.65   35.25
 125658.349   796.638   -13.10   33.28
 125947.706   796.532    -0.37   31.25
 126237.058   795.641    -3.08   31.00
 126526.406   795.865     0.78   29.78
