#    1.450  -4.299  14.884 ;Mean Elev.(m), Avg Gradient(m/km), RMS Gradient(m/km) - SRTM1     
#   19.289  -5.348  15.566 ;Mean Elev.(m), Avg Gradient(m/km), RMS Gradient(m/km) - ASTER GDEM
#    3.849  -3.876  15.564 ;Mean Elev.(m), Avg Gradient(m/km), RMS Gradient(m/km) - GMTED2010 
   1 323.329616 -10.272175   110.877   111.259  4 54665.90920414  2.932
   2 323.328251 -10.272460   105.448   105.494  5 54675.82484825 10.933
   3 323.327811 -10.272833    59.773    60.254  5 54685.74049128 13.966
   4 323.329158 -10.271887   110.500   110.515  5 54695.65613289  4.908
   5 323.332295 -10.271453    75.988    76.273  4 54705.57177241 18.721
   6 323.330988 -10.272196    50.517    50.455  4 54715.48742504 24.234
   7 323.328928 -10.272575    48.400    57.653  5 54725.40307525 17.875
   8 323.323826 -10.268963     3.881     3.881  2 54735.31872227 44.002
   9 323.320122 -10.268272   106.808   106.808  2 54745.23436879  0.729
  11 323.320078 -10.268326   103.463   103.463  2 54765.06566026 14.699
  12 323.322489 -10.268365    55.832    55.908  3 54774.98130275  9.915
  13 323.324022 -10.268116     3.691     3.691  2 54784.89694267 25.804
  14 323.326520 -10.272407    56.782    56.446  3 54794.81258222 11.020
  15 323.327895 -10.271848     4.564     4.372  4 54804.72822030 27.103
  16 323.330444 -10.272117    65.594    64.931  4 54814.64385839 10.768
  17 323.330193 -10.272470    87.435    89.999  5 54824.55950453  8.342
  18 323.327483 -10.273567     2.887     2.993  4 54834.47514501 35.433
  20 323.319136 -10.269054     2.706     2.706  2 54854.30644320 43.566
  21 323.317629 -10.269360   104.838   105.279  3 54864.22209205  2.503
  22 323.316647 -10.267825   100.381   100.381  2 54874.13774006  4.740
  23 323.318029 -10.269080     3.141     3.267  3 54884.05338624 41.292
  24 323.318641 -10.268337   103.072   103.078  3 54893.96902845 12.194
  25 323.319094 -10.269524   103.766   103.689  3 54903.88466846 12.693
  26 323.318627 -10.268319   103.353   103.341  3 54913.80030691 11.301
  27 323.319084 -10.268337     2.981     2.967  3 54923.71594528 24.218
  28 323.321603 -10.269041     2.780     2.780  2 54933.63158334 26.879
  29 323.327023 -10.272240   108.385   109.176  5 54943.54722030 12.375
  30 323.331666 -10.272035   111.341   111.500  4 54953.46285439  5.262
  31 323.331301 -10.272899   110.970   110.473  4 54963.37849916  5.652
  32 323.328290 -10.272368   108.968   110.041  5 54973.29414717  8.098
  33 323.326022 -10.270792   107.409   107.258  4 54983.20979389 10.987
  34 323.326274 -10.272219    57.953    60.078  3 54993.12544108 20.910
  35 323.324269 -10.268059   108.522   108.522  2 55003.04108588  4.379
  36 323.323404 -10.268470   107.578   108.208  3 55012.95672976  3.090
  37 323.322883 -10.269243     3.292     3.292  2 55022.87237243 31.020
  38 323.321761 -10.267397   103.156   103.156  2 55032.78801398 12.132
  39 323.322754 -10.267558   104.369   104.369  2 55042.70365566  6.115
  40 323.327685 -10.272283    57.610    57.617  5 55052.61929727 14.650
  41 323.330859 -10.272341   110.520   109.869  4 55062.53493563  9.362
  42 323.330149 -10.272453   109.364   110.484  5 55072.45057984  7.614
  43 323.327135 -10.273499    61.773    58.013  4 55082.36622835 13.407
  44 323.321942 -10.267923   103.229   103.229  2 55092.28187352  9.181
  45 323.320406 -10.268255    52.338    52.470  3 55102.19751964 26.109
  46 323.320468 -10.268824    52.444    52.607  3 55112.11316549 27.055
  47 323.321885 -10.268538    53.774    53.774  2 55122.02880901 19.961
  48 323.323889 -10.269201     3.136     3.136  2 55131.94444993 26.734
  49 323.324510 -10.268926    56.391    56.391  2 55141.86008868  9.151
  50 323.324583 -10.268981     3.755     3.755  2 55151.77572718 23.991
  51 323.327511 -10.273601    57.283    57.382  4 55161.69136741 14.856
  52 323.329246 -10.271703     3.625     3.783  5 55171.60700596 28.058
  53 323.332365 -10.272396   111.712   111.768  4 55181.52264368  8.973
  54 323.328879 -10.271603    52.307    52.373  5 55191.43829341 21.205
  55 323.323041 -10.268377   108.162   108.087  3 55201.35394294  3.132
  56 323.320141 -10.269060   114.904   114.904  2 55211.26959264  0.806
  57 323.319266 -10.268665   106.772   107.680  3 55221.18524159  2.213
  58 323.320027 -10.270005   107.255   107.255  2 55231.10088975  2.609
  59 323.320535 -10.268545     3.844     3.665  3 55241.01653405 44.652
  60 323.320214 -10.268407   103.426   103.426  2 55250.93217492  9.712
  61 323.319188 -10.268722     2.698     2.712  3 55260.84781378 27.407
  62 323.319177 -10.268432   107.111   107.111  2 55270.76345199  4.600
  63 323.320919 -10.268089   104.301   104.301  2 55280.67909048 10.077
  64 323.324540 -10.268694    55.855    55.855  2 55290.59472819  6.523
  65 323.330095 -10.272477   110.846   110.800  3 55300.51036441  4.442
  66 323.329179 -10.272658    67.802    67.713  5 55310.42601081 22.588
  67 323.326908 -10.272607   109.161   109.220  4 55320.34165636  9.771
  68 323.323217 -10.268309     3.174     3.174  2 55330.25729950 45.142
  69 323.322517 -10.268351   103.710   103.710  2 55340.17294337  4.977
  70 323.323435 -10.267936     3.312     3.312  2 55350.08858694 42.927
  71 323.326900 -10.273218    52.743    52.453  4 55360.00422978 19.371
  72 323.326310 -10.270804    47.021    46.788  4 55369.91986850 24.344
  73 323.326694 -10.271604    67.509    68.672  5 55379.83550665 11.030
  74 323.327927 -10.272615   109.524   109.310  5 55389.75114444 11.224
  75 323.330596 -10.272047   109.866   110.414  5 55399.66678122  7.629
  76 323.331437 -10.271356   109.891   110.966  4 55409.58242828  7.547
  77 323.330894 -10.273745     4.968     3.749  3 55419.49807938 29.335
  78 323.327389 -10.271872    50.582    49.446  5 55429.41372606 22.918
  79 323.322606 -10.267853   104.540   104.540  2 55439.32936939  8.999
  80 323.321088 -10.268433   103.271   103.271  2 55449.24501230 10.335
  81 323.321614 -10.267882   102.914   102.914  2 55459.16065462  8.739
  82 323.324069 -10.268400     2.892     2.892  2 55469.07629645 27.585
  83 323.328413 -10.272319     4.335     4.401  4 55478.99193591 32.440
  84 323.330513 -10.271663    56.825    56.828  4 55488.90757144 13.769
  85 323.332646 -10.273210   110.657   112.033  4 55498.82320544  6.277
  86 323.331901 -10.273102     4.724     4.467  4 55508.73884493 33.050
  87 323.328580 -10.272271     3.279     3.299  4 55518.65449505 29.716
  88 323.327426 -10.272611    56.526    56.519  5 55528.57014482 12.096
  89 323.326118 -10.271377    56.391    56.187  5 55538.48579245  9.803
  90 323.323739 -10.268389   106.191   106.191  2 55548.40143734  4.056
  91 323.321367 -10.267685    50.667    50.667  2 55558.31708071 22.646
  92 323.320987 -10.269156    57.244    57.244  2 55568.23272362 22.881
  93 323.322181 -10.268415    50.735    50.718  3 55578.14836516 24.592
  94 323.326282 -10.271298     2.989     2.977  4 55588.06400537 47.415
  95 323.329985 -10.271308     3.158     3.252  4 55597.97964182 34.497
  96 323.331979 -10.271058     4.654     4.561  4 55607.89527545 26.818
  97 323.333626 -10.272482     4.558     4.561  4 55617.81090775 31.205
  98 323.330858 -10.271897     2.666     2.703  4 55627.72655348 35.435
  99 323.328682 -10.271856     4.117     4.188  5 55637.64220519 44.079
 100 323.328143 -10.272022    69.750    71.940  4 55647.55785508  6.616
 101 323.327994 -10.273118   109.330   109.939  5 55657.47350228 12.299
 102 323.327160 -10.273103    51.864    51.107  4 55667.38914485 20.972
 103 323.325900 -10.271536    50.377    50.068  4 55677.30478398 20.125
 104 323.327125 -10.273184   109.473   109.538  4 55687.22042177 10.741
 105 323.328672 -10.271568   109.492   109.808  4 55697.13605750  5.983
 106 323.332479 -10.271508   112.322   112.237  4 55707.05169230  4.020
 107 323.331581 -10.273268     2.556     2.514  3 55716.96734281 49.079
 108 323.328535 -10.271860    62.977    63.051  4 55726.88299029 19.060
 109 323.326150 -10.271754   109.040   107.933  3 55736.79863662  6.754
 110 323.323536 -10.268735   105.082   105.082  2 55746.71428126  7.217
 111 323.323404 -10.267864   106.779   106.779  2 55756.62992479  4.839
 112 323.326932 -10.271658   109.218   109.559  5 55766.54556710 10.565
 113 323.329307 -10.271728   109.043   109.038  5 55776.46120568  7.111
 114 323.330932 -10.272017    68.258    70.412  4 55786.37684132 14.840
 115 323.332035 -10.271681   111.246   111.343  4 55796.29247472  6.869
 116 323.332186 -10.272400   111.567   111.661  4 55806.20811535  2.582
 117 323.331604 -10.273466   112.510   112.455  4 55816.12376412  2.792
 118 323.332123 -10.272808   112.995   113.138  4 55826.03940962  2.335
 119 323.332855 -10.272135     4.489     3.983  3 55835.95505073 38.635
 120 323.332978 -10.271233   110.956   111.149  4 55845.87068851 10.298
 121 323.333967 -10.271876   111.486   111.570  3 55855.78632435  6.530
 122 323.333367 -10.272557   111.815   111.830  4 55865.70196621  6.753
 123 323.329743 -10.271775   110.105   110.070  4 55875.61761901  7.714
 124 323.328933 -10.271625   108.110   108.730  5 55885.53326644 10.025
 125 323.329530 -10.271639   105.488   105.448  4 55895.44890818 13.696
 126 323.331452 -10.271179     3.121     3.121  4 55905.36454459 34.158
 127 323.331243 -10.272593     2.845     2.823  4 55915.28018726 35.591
 128 323.326740 -10.271555    59.390    57.549  5 55925.19584048  7.755
 129 323.323807 -10.268355     3.598     3.598  2 55935.11148997 39.924
 130 323.323551 -10.267660     4.043     4.043  2 55945.02713545 40.407
 131 323.325898 -10.271666     3.749     3.761  3 55954.94277769 32.510
 132 323.326443 -10.271550     3.535     3.666  4 55964.85841640 30.815
 133 323.327117 -10.272535     4.055     4.034  4 55974.77405422 29.077
 134 323.328741 -10.271802   109.074   108.769  4 55984.68969096 10.052
 135 323.333296 -10.272571   112.001   112.118  4 55994.60532596  8.845
 136 323.330922 -10.271328   110.409   111.139  4 56004.52097794  6.461
 137 323.328653 -10.271825    49.866    49.738  4 56014.43662689 22.455
 138 323.324576 -10.268832     4.132     4.132  2 56024.35227160 45.111
 139 323.322463 -10.268109     3.783     3.783  2 56034.26791445 43.854
 140 323.323464 -10.268491     4.659     4.659  2 56044.18355542 45.093
 141 323.327480 -10.272785     3.811     3.881  5 56054.09919453 49.491
 142 323.330857 -10.272017   111.060   111.143  5 56064.01482897  5.404
 143 323.331087 -10.272037   111.364   111.097  4 56073.93047142  2.314
 144 323.327731 -10.272185     3.641     3.647  4 56083.84612051 32.346
 145 323.324618 -10.268749   107.883   107.883  2 56093.76176672 10.149
 146 323.325515 -10.271221     3.512     3.610  4 56103.67741253 30.085
 147 323.327064 -10.272635    61.168    56.294  4 56113.59304388  9.564
 148 323.328930 -10.272430   109.873   110.108  5 56123.50868272  8.253
 149 323.331666 -10.272921   110.023   110.756  4 56133.42431787  7.484
 150 323.331738 -10.271767   111.962   112.061  4 56143.33995613  4.108
 151 323.328694 -10.272033   109.208   109.228  4 56153.25560612  8.529
 152 323.327217 -10.272241     4.025     3.996  5 56163.17125465 34.676
 153 323.327151 -10.271382    50.308    49.877  5 56173.08690096 23.330
 154 323.328822 -10.271614     3.458     3.390  5 56183.00254269 49.897
 155 323.329849 -10.271716   110.333   110.619  5 56192.91818063  4.136
 156 323.330357 -10.272171   110.190   110.414  4 56202.83381608  6.506
 157 323.331549 -10.271106   109.660   110.312  4 56212.74944989  6.883
 158 323.335559 -10.271964     3.833     2.662  3 56222.66508270 31.261
 159 323.332563 -10.271753   105.938   105.878  4 56232.58073884 10.194
 160 323.330189 -10.271798     4.537     4.568  4 56242.49639152 30.265
 161 323.327610 -10.271693     2.349     2.396  5 56252.41203975 39.385
 162 323.326116 -10.271408    50.104    50.080  4 56262.32768329 23.847
 163 323.326134 -10.271576    58.554    58.554  2 56272.24332483  5.399
 164 323.327739 -10.273013   106.360   106.332  5 56282.15896707 11.074
 165 323.325872 -10.271384   109.487   109.391  4 56292.07461841  4.606
 166 323.323625 -10.267889   107.348   107.348  2 56301.99026487  6.934
 167 323.322757 -10.267751   104.550   104.550  2 56311.90590795  6.730
 168 323.322657 -10.268744   103.679   103.679  2 56321.82154944  9.982
 169 323.322469 -10.267110   106.206   106.206  2 56331.73719009  5.320
 170 323.326263 -10.272044   107.567   107.731  3 56341.65283212 12.764
 171 323.329725 -10.272324   109.994   109.854  4 56351.56847095  9.941
 172 323.331176 -10.271767   108.486   108.205  4 56361.48411121 12.748
 173 323.327641 -10.272503     2.515     2.494  4 56371.39976105 43.629
 174 323.321969 -10.268158   104.293   103.992  3 56381.31540670  5.217
 175 323.320401 -10.269220   105.426   105.160  3 56391.23105133  4.087
 177 323.324923 -10.269252   108.870   109.216  3 56411.06233422  8.952
 178 323.330055 -10.272675   109.571   109.637  4 56420.97797027  7.884
 179 323.331100 -10.272187   111.667   111.350  4 56430.89360803  4.111
 180 323.324518 -10.268198   107.631   107.631  2 56440.80925928  9.685
 181 323.321506 -10.268317   103.518   103.517  3 56450.72490940 15.076
 182 323.321149 -10.267798   103.398   103.398  2 56460.64055756 10.645
 183 323.322413 -10.268771   106.074   106.074  2 56470.55620292  7.764
 184 323.323608 -10.268554   107.708   107.769  3 56480.47184433  5.605
 185 323.324750 -10.268585    53.320    53.320  2 56490.38748177 18.779
 186 323.327915 -10.271884   109.139   109.121  5 56500.30311727 10.997
 187 323.332034 -10.273008   112.188   112.429  3 56510.21875078  3.000
 188 323.334258 -10.274458   114.707   114.707  2 56520.13439360  5.685
 190 323.330083 -10.271677    51.076    50.284  4 56539.96569448 16.211
 191 323.328268 -10.272278   109.598   109.928  4 56549.88133913  9.596
 192 323.324587 -10.268883     2.616     2.616  2 56559.79698078 25.262
 193 323.323666 -10.268576     1.853     1.853  2 56569.71262265 29.433
 194 323.327074 -10.273149   109.570   109.638  4 56579.62826482 11.875
 195 323.331544 -10.272743   111.378   111.372  4 56589.54390231  8.090
 196 323.331670 -10.271156     2.990     3.008  4 56599.45954771 42.063
 197 323.328467 -10.272585    50.171    50.246  4 56609.37519892 24.137
 198 323.324147 -10.268638     2.655     2.655  2 56619.29084382 25.363
 199 323.323308 -10.268386   106.040   106.040  2 56629.20648641  6.027
 200 323.327295 -10.272578   109.167   108.983  4 56639.12212699  8.197
 201 323.329214 -10.272376   109.056   109.395  4 56649.03777168  9.920
 203 323.323993 -10.269340   108.939   108.939  2 56668.86906911  4.872
 204 323.322010 -10.268657     3.278     3.278  2 56678.78471406 22.510
 205 323.322302 -10.269127   104.137   104.137  2 56688.70035820 11.526
 206 323.324436 -10.268999   108.526   108.197  3 56698.61599999 10.055
 207 323.329274 -10.272075     3.594     3.223  5 56708.53163805 26.559
 208 323.330347 -10.271587     2.745     2.764  4 56718.44727711 47.581
 209 323.324513 -10.269398    54.217    54.217  2 56728.36292923  9.692
 210 323.320166 -10.268434     2.914     2.914  2 56738.27857737 45.153
 212 323.321956 -10.269182   104.280   104.280  2 56758.10986239  6.331
 213 323.328513 -10.272078   109.014   109.169  4 56768.02549742 12.764
 214 323.328756 -10.272331   110.067   110.582  4 56777.94114298  9.401
 215 323.322603 -10.268419   108.044   108.286  3 56787.85679724  1.939
 216 323.318311 -10.269560   103.661   103.692  3 56797.77244943 10.527
 218 323.318057 -10.268553     1.888     1.897  3 56817.60373744 27.811
 219 323.321482 -10.267677   105.736   105.736  2 56827.51937523  4.580
 220 323.327776 -10.273344    30.460    35.691  5 56837.43501135 23.327
 221 323.331221 -10.272505   113.491   112.056  4 56847.35064275  5.033
 222 323.327498 -10.271357   109.698   109.654  5 56857.26629343  9.271
 223 323.324104 -10.269424   111.896   111.896  2 56867.18194564  2.127
 224 323.322405 -10.268324   109.673   109.673  2 56877.09759650  2.127
 227 323.319752 -10.268911   105.618   105.596  3 56906.84453255  6.239
 228 323.318928 -10.268826   103.355   103.306  3 56916.76017338 10.252
 229 323.320318 -10.268489   105.929   105.929  2 56926.67581267  3.211
 230 323.324477 -10.268995   108.996   109.066  3 56936.59144907  7.275
 231 323.332071 -10.272481   107.140   106.883  4 56946.50708114 11.098
 232 323.329125 -10.271603   108.745   108.863  4 56956.42273474 10.314
 233 323.326316 -10.272133     2.950     3.073  3 56966.33838381 37.711
 234 323.323038 -10.268048   107.414   107.414  2 56976.25402740  4.033
 236 323.329639 -10.272305   109.453   110.268  4 56996.08530314  8.001
 237 323.331793 -10.272880     2.063     2.069  4 57006.00094676 35.689
 238 323.328382 -10.271604   106.975   107.311  4 57015.91660066  7.313
 239 323.324441 -10.268903     2.430     2.482  3 57025.83225046 25.725
 240 323.321994 -10.267895   105.786   105.786  2 57035.74789898  6.683
 241 323.322467 -10.269308     2.862     2.862  2 57045.66354584 24.449
 242 323.324061 -10.269494   109.109   109.109  2 57055.57918942  5.983
 243 323.327277 -10.272098   109.542   109.468  5 57065.49482853 12.879
 244 323.329139 -10.271683   109.364   109.009  5 57075.41046225  7.553
 245 323.332547 -10.272707     3.087     2.745  4 57085.32609302 49.388
 246 323.327666 -10.271671    51.806    51.283  5 57095.24174778 24.224
 249 323.322745 -10.269091   108.411   108.411  2 57124.98869995  2.626
 250 323.323271 -10.268391   108.294   108.294  2 57134.90433989  3.401
 251 323.327004 -10.273025   109.554   109.542  4 57144.81997702 12.671
 252 323.329318 -10.271493     3.743     2.268  4 57154.73561049 27.967
 253 323.331806 -10.272745   111.679   111.634  4 57164.65124936  8.061
 254 323.328259 -10.272477   110.878   111.378  4 57174.56690596  7.467
 255 323.326160 -10.272518   110.791   110.039  3 57184.48255921  6.223
 256 323.322823 -10.267516   107.542   107.542  2 57194.39820726  4.016
 257 323.321740 -10.268114   109.389   109.389  2 57204.31384258  1.033
 260 323.327007 -10.273491   110.701   110.608  4 57234.06077378  7.027
 262 323.329717 -10.272095   111.433   110.591  5 57253.89204775  3.935
 263 323.330949 -10.271570     3.225     2.411  4 57263.80768234 35.290
 264 323.333338 -10.274171   112.605   112.770  3 57273.72332164  7.964
 265 323.329592 -10.271771   110.319   110.591  4 57283.63897833  6.149
 266 323.327945 -10.272579     3.032     2.984  4 57293.55463332 28.370
 267 323.324843 -10.269419   104.935   104.935  2 57303.47028386  8.630
 268 323.322404 -10.268517   108.285   108.285  2 57313.38593110  1.548
 269 323.320509 -10.268638   105.491   105.491  2 57323.30157515  5.273
 270 323.320603 -10.268688   106.833   107.131  3 57333.21721717  4.963
 271 323.323160 -10.269401   107.649   107.649  2 57343.13285741  5.729
 272 323.321424 -10.268946     6.527     6.527  2 57353.04850961 15.752
 273 323.322267 -10.268518    97.364    97.364  2 57362.96415351  4.140
 274 323.323481 -10.268752   105.369   105.369  2 57372.87979438  9.293
 275 323.324358 -10.268375   107.407   107.407  2 57382.79543360 13.341
 276 323.327850 -10.272382    56.284    57.194  5 57392.71107378 14.053
 277 323.331085 -10.272021     2.645     2.604  4 57402.62671226 34.398
 278 323.332219 -10.271817   111.271   111.159  4 57412.54235669  4.637
 279 323.328883 -10.271569     2.125     2.177  4 57422.45800874 45.209
 280 323.323702 -10.269020   107.916   107.916  2 57432.37365732  4.891
 281 323.320777 -10.269334   104.329   104.329  2 57442.28930453  7.935
 282 323.320400 -10.269046   103.770   103.761  3 57452.20495083 12.451
 284 323.326984 -10.273114   109.249   109.339  4 57472.03623773 14.043
 285 323.329251 -10.271842   109.773   110.006  4 57481.95187469  5.747
 286 323.330893 -10.272297   111.010   111.519  4 57491.86750889  5.999
 287 323.332670 -10.271068   111.170   111.259  4 57501.78314101  8.670
 288 323.331339 -10.272612   111.233   111.021  4 57511.69879046  7.708
 289 323.328155 -10.271628   108.977   109.328  4 57521.61444558 11.792
 290 323.326813 -10.271935   108.908   108.973  5 57531.53009870 13.145
 291 323.324193 -10.268410   105.987   105.987  2 57541.44574757 11.130
 293 323.321942 -10.268823   103.561   103.561  2 57561.27703925 14.531
 294 323.321668 -10.268178   105.197   105.136  3 57571.19268345  7.296
 295 323.322713 -10.267613   107.713   107.713  2 57581.10832753  4.007
 297 323.327147 -10.271627    64.672    64.582  5 57600.93961067 13.739
