-149656.037   398.151     0.00    6.11
-149366.944   397.086    -3.68    6.35
-149077.847   396.396    -2.38    6.38
-148788.746   395.692    -2.44    6.57
-148499.639   394.304    -4.80    7.80
-148210.529   392.627    -5.80    9.23
-147921.413   391.737    -3.08   10.15
-147632.293   390.304    -4.96   10.66
-147343.169   387.806    -8.64   10.96
-147054.040   384.218   -12.41   10.02
-146764.906   379.446   -16.50    9.49
-146475.768   376.168   -11.34   10.67
-146186.625   373.101   -10.61   10.82
-145897.477   371.718    -4.78   10.17
-145608.325   371.744     0.09   10.41
-145319.169   372.999     4.34   11.43
-145030.008   374.430     4.95   13.51
-144740.842   377.118     9.30   12.93
-144451.671   379.897     9.61   12.23
-144162.496   381.168     4.40   11.40
-143873.317   382.772     5.55   10.15
-143584.132   387.004    14.63   13.11
-143294.944   393.355    21.96   19.80
-143005.750   405.199    40.96   29.88
-142716.552   423.048    61.71   41.69
-142427.349   446.410    80.78   54.63
-142138.142   489.861   150.24   88.85
-141848.930   549.744   207.05  126.52
-141559.714   603.217   184.88  136.52
-141270.493   660.379   197.63  129.31
-140981.267   721.358   210.83  108.80
-140692.037   759.524   131.95   88.11
-140402.802   784.020    84.69   60.28
-140113.562   796.528    43.24   50.08
-139824.318   789.186   -25.38   63.77
-139535.069   768.384   -71.91   86.68
-139245.815   741.251   -93.80  108.16
-138956.557   700.801  -139.83  121.09
-138667.295   649.473  -177.44  126.18
-138378.027   597.893  -178.31  127.52
-138088.755   547.834  -173.04  119.05
-137799.479   500.548  -163.46   97.24
-137510.198   463.834  -126.91   76.27
-137220.912   436.479   -94.56   61.78
-136931.621   418.118   -63.46   42.66
-136642.326   404.880   -45.76   26.94
-136353.026   394.634   -35.41   12.78
-136063.722   389.410   -18.06    9.42
-135774.413   385.693   -12.84   10.60
-135485.099   380.790   -16.95   11.59
-135195.781   375.418   -18.57   12.08
-134906.458   370.296   -17.70   11.07
-134617.130   364.958   -18.45    8.52
-134327.798   361.048   -13.51    8.06
-134038.461   358.001   -10.53    6.83
-133749.120   354.856   -10.87    5.42
-133459.773   353.458    -4.83    5.11
-133170.422   352.565    -3.08    5.61
-132881.067   350.651    -6.61    6.09
-132591.707   349.375    -4.41    6.70
-132302.342   348.315    -3.66    7.49
-132012.972   347.084    -4.25    8.30
-131723.598   344.941    -7.41    8.65
-131434.219   341.577   -11.62    8.68
-131144.836   338.993    -8.93    8.63
-130855.448   335.501   -12.07    9.80
-130566.055   331.910   -12.41    9.75
-130276.657   329.479    -8.40    9.22
-129987.255   326.914    -8.86    7.92
-129697.848   325.965    -3.28    7.30
-129408.437   325.048    -3.17    7.30
-129119.021   325.253     0.71    7.68
-128829.600   324.716    -1.86    7.95
-128540.174   323.468    -4.31    8.39
-128250.744   321.905    -5.40    8.67
-127961.309   320.496    -4.87    8.23
-127671.870   318.789    -5.90    7.74
-127382.425   316.034    -9.52    8.40
-127092.976   313.118   -10.08    8.50
-126803.523   310.312    -9.69    8.52
-126514.064   308.375    -6.69    8.33
-126224.601   307.184    -4.11    8.98
-125935.134   308.432     4.31   13.62
-125645.661   309.741     4.52   15.21
-125356.184   310.575     2.88   16.09
-125066.703   311.922     4.65   17.26
-124777.216   313.304     4.77   20.03
-124487.725   310.993    -7.98   19.15
-124198.229   308.987    -6.93   19.20
-123908.729   304.548   -15.33   20.30
-123619.223   300.941   -12.46   19.32
-123329.713   295.184   -19.88   16.45
-123040.199   289.858   -18.40   14.65
-122750.679   287.358    -8.63   13.23
-122461.155   286.651    -2.44   11.59
-122171.627   284.807    -6.37   11.99
-121882.093   281.979    -9.77   11.68
-121592.555   280.468    -5.22   12.05
-121303.012   278.062    -8.31   10.94
-121013.464   275.979    -7.19   10.51
-120723.912   273.118    -9.88   10.39
-120434.355   272.068    -3.63   11.72
-120144.793   272.587     1.79   13.72
-119855.227   274.830     7.75   15.96
-119565.655   278.134    11.41   20.73
-119276.080   282.996    16.79   25.81
-118986.499   287.796    16.58   29.69
-118696.914   296.807    31.11   34.30
-118407.323   306.463    33.34   40.37
-118117.729   316.490    34.62   39.80
-117828.129   315.186    -4.50   37.60
-117538.525   311.568   -12.49   38.08
-117248.916   306.507   -17.47   38.52
-116959.302   298.796   -26.62   38.51
-116669.683   285.951   -44.35   31.90
-116380.060   271.548   -49.73   22.26
-116090.432   263.065   -29.29   19.64
-115800.800   258.048   -17.32   15.40
-115511.162   257.463    -2.02   14.95
-115221.520   258.875     4.88   16.55
-114931.873   261.371     8.62   18.20
-114642.221   263.444     7.16   16.96
-114352.565   268.651    17.98   13.28
-114062.904   271.246     8.96   11.10
-113773.238   272.751     5.19    9.66
-113483.567   273.968     4.20    9.93
-113193.892   275.617     5.69   10.36
-112904.212   279.034    11.80    9.40
-112615.117   282.479    11.91    7.28
-112326.454   284.312     6.35    6.86
-112037.787   284.893     2.01    6.89
-111749.115   285.734     2.91    7.21
-111460.438   286.490     2.62    8.32
-111171.757   288.993     8.67    9.46
-110883.071   293.331    15.03   12.27
-110594.380   296.501    10.98   11.50
-110305.684   298.699     7.61   12.87
-110016.984   299.287     2.03   11.82
-109728.279   299.875     2.04   11.76
-109439.569   297.651    -7.70   10.99
-109150.854   295.789    -6.45    9.99
-108862.135   295.135    -2.27   11.86
-108573.411   294.082    -3.65   11.66
-108284.682   292.558    -5.28   15.17
-107995.949   288.806   -12.99   16.12
-107707.211   281.321   -25.92   11.67
-107418.468   277.675   -12.63   10.22
-107129.720   275.901    -6.14    9.75
-106840.968   277.568     5.77   12.68
-106552.210   281.237    12.71   17.61
-106263.448   289.151    27.41   23.14
-105974.682   304.651    53.67   33.28
-105685.910   318.881    49.28   39.05
-105397.134   333.054    49.08   40.59
-105108.353   341.321    28.62   40.28
-104819.567   345.863    15.73   43.58
-104530.777   342.590   -11.33   46.14
-104241.982   333.280   -32.23   47.50
-103953.182   315.834   -60.41   41.39
-103664.377   298.651   -59.50   25.02
-103375.567   286.965   -40.46   17.61
-103086.753   279.496   -25.86   14.58
-102797.934   274.100   -18.68   12.19
-102509.110   270.927   -10.99   11.25
-102220.282   270.168    -2.63   13.00
-101931.448   269.824    -1.19   13.74
-101642.610   270.558     2.54   15.49
-101353.767   271.634     3.73   14.81
-101064.920   269.795    -6.37   12.10
-100776.067   267.897    -6.57   10.17
-100487.210   264.484   -11.81    8.22
-100198.348   261.401   -10.67    7.21
 -99909.481   259.255    -7.43    6.71
 -99620.610   256.984    -7.86    6.13
 -99331.733   254.218    -9.58    6.24
 -99042.852   252.548    -5.78    6.70
 -98753.966   250.484    -7.14    7.48
 -98465.076   248.880    -5.55    7.81
 -98176.180   246.999    -6.51    8.11
 -97887.280   244.765    -7.73    8.98
 -97598.375   243.087    -5.81    8.95
 -97309.465   240.884    -7.62    8.68
 -97020.550   239.861    -3.54    9.15
 -96731.631   239.660    -0.70    9.16
 -96442.707   237.927    -6.00    9.46
 -96153.778   237.795    -0.46    9.83
 -95864.844   237.358    -1.51   10.37
 -95575.905   234.823    -8.77   11.39
 -95286.962   231.599   -11.16   11.85
 -94998.014   227.829   -13.05   10.92
 -94709.061   225.927    -6.58   10.10
 -94420.103   223.524    -8.32    9.40
 -94131.140   221.770    -6.07    8.64
 -93842.173   220.501    -4.39    8.90
 -93553.200   220.551     0.17   10.44
 -93264.223   220.625     0.25   10.94
 -92975.241   221.355     2.53   11.23
 -92686.255   221.484     0.45   10.88
 -92397.263   222.913     4.94   10.58
 -92108.267   223.707     2.75    9.70
 -91819.266   223.727     0.07    8.74
 -91530.260   224.684     3.31    8.25
 -91241.249   226.520     6.35    8.10
 -90952.233   227.167     2.24    7.61
 -90663.213   228.084     3.17    6.53
 -90374.187   227.329    -2.62    6.18
 -90085.157   226.575    -2.61    6.31
 -89796.122   225.944    -2.18    6.23
 -89507.083   224.034    -6.61    6.19
 -89218.038   222.737    -4.49    5.96
 -88928.988   221.118    -5.60    5.69
 -88639.934   219.651    -5.08    5.62
 -88350.875   217.965    -5.83    5.91
 -88061.811   216.772    -4.13    5.84
 -87772.742   214.948    -6.31    6.22
 -87483.669   212.929    -6.98    6.63
 -87194.590   211.710    -4.21    6.94
 -86905.507   209.368    -8.10    7.75
 -86616.419   207.720    -5.70    7.97
 -86327.326   205.609    -7.30    8.42
 -86038.228   203.501    -7.29    8.00
 -85749.125   201.812    -5.84    7.69
 -85460.018   199.469    -8.11    7.45
 -85170.905   196.727    -9.48    7.17
 -84881.788   195.084    -5.68    7.34
 -84592.666   192.758    -8.05    6.24
 -84303.539   191.056    -5.89    5.81
 -84014.407   189.118    -6.70    6.22
 -83725.270   187.807    -4.53    6.55
 -83436.129   186.117    -5.84    6.70
 -83146.982   184.392    -5.96    6.47
 -82857.831   182.268    -7.35    6.45
 -82568.675   179.755    -8.69    6.99
 -82279.514   177.922    -6.34    6.62
 -81990.348   176.099    -6.30    6.75
 -81701.177   174.355    -6.03    6.11
 -81412.002   174.065    -1.00    6.08
 -81122.821   174.872     2.79    6.96
 -80833.636   176.008     3.93    8.02
 -80544.446   176.897     3.07    9.05
 -80255.250   179.934    10.50   10.43
 -79966.050   181.710     6.14    9.74
 -79676.846   183.660     6.74    9.18
 -79387.636   185.202     5.33    7.84
 -79098.421   185.348     0.50    7.11
 -78809.202   185.992     2.23    6.52
 -78519.977   184.824    -4.04    6.23
 -78230.748   183.184    -5.67    6.92
 -77941.514   183.562     1.30    7.09
 -77652.275   183.070    -1.70    7.51
 -77363.031   181.812    -4.35    7.90
 -77073.782   179.069    -9.48    8.53
 -76784.528   176.236    -9.79    8.95
 -76495.270   173.168   -10.60   10.53
 -76206.006   170.282    -9.98   11.36
 -75916.738   168.203    -7.19   11.46
 -75627.464   168.069    -0.46   11.84
 -75338.186   169.858     6.18   13.53
 -75048.903   174.371    15.60   17.14
 -74759.615   180.863    22.44   17.94
 -74470.322   188.184    25.31   16.40
 -74181.024   192.958    16.50   13.76
 -73891.721   197.321    15.08   11.95
 -73602.414   200.468    10.88   10.58
 -73313.101   203.001     8.76   10.35
 -73023.784   205.202     7.61   10.12
 -72734.461   208.677    12.01   10.71
 -72445.134   211.217     8.78    9.36
 -72155.802   211.741     1.81    8.36
 -71866.464   212.618     3.03    7.40
 -71577.122   211.304    -4.54    8.40
 -71287.775   208.755    -8.81    9.41
 -70998.423   205.823   -10.13    9.09
 -70709.067   203.219    -9.00    7.95
 -70419.705   199.474   -12.94    7.10
 -70130.338   197.065    -8.32    6.71
 -69840.967   195.479    -5.48    6.94
 -69551.590   193.909    -5.42    7.12
 -69262.209   192.727    -4.08    7.29
 -68972.822   191.594    -3.92    7.60
 -68683.431   191.607     0.05    8.43
 -68394.035   192.897     4.46    9.17
 -68104.633   194.484     5.49    9.22
 -67815.227   196.627     7.40    8.17
 -67525.816   199.889    11.27    7.16
 -67236.400   202.321     8.40    6.85
 -66946.979   203.999     5.80    7.68
 -66657.553   204.268     0.93    7.88
 -66368.122   205.018     2.59    7.73
 -66078.686   207.355     8.07    8.04
 -65789.246   210.294    10.16    9.44
 -65499.800   212.918     9.06   10.24
 -65210.349   216.355    11.87   12.16
 -64920.894   219.575    11.13   12.24
 -64631.433   223.203    12.53   11.23
 -64341.968   227.381    14.43   10.58
 -64052.497   231.099    12.85    9.98
 -63763.022   234.234    10.83    9.80
 -63473.541   236.892     9.18   10.63
 -63184.056   240.490    12.43   10.74
 -62894.566   243.823    11.51    9.78
 -62605.070   247.534    12.82    7.60
 -62315.570   249.262     5.97    6.17
 -62026.065   250.607     4.65    6.08
 -61736.555   251.034     1.48    6.07
 -61447.040   252.456     4.91    5.93
 -61157.519   254.024     5.42    6.27
 -60867.994   256.611     8.94    6.95
 -60578.464   259.918    11.42    7.33
 -60288.929   263.834    13.53    8.17
 -59999.389   266.944    10.74    9.48
 -59709.844   268.484     5.32    9.94
 -59420.294   269.551     3.68   11.68
 -59130.739   269.421    -0.45   14.26
 -58841.179   265.801   -12.50   17.15
 -58551.614   260.668   -17.73   18.48
 -58262.044   260.185    -1.67   23.09
 -57972.469   270.824    36.74   47.28
 -57682.890   273.856    10.47   50.71
 -57393.305   271.617    -7.73   51.49
 -57103.715   269.541    -7.17   53.07
 -56814.120   262.634   -23.85   50.31
 -56524.520   248.371   -49.25   47.74
 -56234.915   236.532   -40.88   37.65
 -55945.305   226.184   -35.73   28.54
 -55655.691   219.451   -23.25   23.02
 -55366.071   216.858    -8.95   23.32
 -55076.446   213.999    -9.87   21.47
 -54786.816   210.284   -12.82   16.99
 -54497.181   208.040    -7.75   13.34
 -54207.541   205.135   -10.03   10.98
 -53917.896   204.270    -2.99   10.09
 -53628.246   204.034    -0.81   10.59
 -53338.592   203.490    -1.88   10.14
 -53048.932   203.357    -0.46    9.82
 -52759.267   205.284     6.65    8.73
 -52469.597   207.479     7.58    8.48
 -52179.922   210.100     9.05    9.01
 -51890.242   213.772    12.67   11.50
 -51600.557   217.381    12.46   12.93
 -51310.867   220.444    10.58   12.75
 -51021.172   221.512     3.69   13.36
 -50731.472   221.392    -0.41   17.17
 -50442.073   217.812   -12.37   22.23
 -50153.447   212.575   -18.15   25.40
 -49864.815   207.659   -17.03   25.91
 -49576.178   202.296   -18.58   23.89
 -49287.537   197.321   -17.24   16.77
 -48998.890   194.951    -8.21   10.74
 -48710.239   195.434     1.67    9.34
 -48421.582   197.734     7.97    9.45
 -48132.920   200.948    11.13    9.02
 -47844.254   204.233    11.38    9.42
 -47555.582   206.872     9.14    9.53
 -47266.906   208.609     6.01    9.20
 -46978.224   210.507     6.58    9.11
 -46689.538   213.642    10.86    9.58
 -46400.846   218.522    16.90   10.06
 -46112.150   224.068    19.21   10.47
 -45823.448   228.758    16.24   10.58
 -45534.741   231.812    10.58    9.83
 -45246.030   233.806     6.91    9.25
 -44957.313   233.168    -2.21   11.65
 -44668.592   230.444    -9.43   15.18
 -44379.865   228.135    -8.00   16.05
 -44091.133   226.030    -7.29   15.29
 -43802.397   224.202    -6.33   15.95
 -43513.655   224.999     2.76   18.57
 -43224.908   229.287    14.85   24.95
 -42936.157   230.611     4.59   26.39
 -42647.400   230.151    -1.59   26.81
 -42358.638   226.268   -13.45   24.63
 -42069.871   220.982   -18.31   24.00
 -41781.099   214.584   -22.15   20.56
 -41492.323   205.530   -31.35   18.14
 -41203.541   198.845   -23.15   16.11
 -40914.754   191.409   -25.75   13.89
 -40625.962   184.701   -23.23   11.23
 -40337.165   180.099   -15.93    9.44
 -40048.363   177.870    -7.72   10.77
 -39759.556   176.716    -4.00   10.43
 -39470.744   174.484    -7.73   10.52
 -39181.927   173.296    -4.11   10.68
 -38893.105   172.268    -3.56   10.26
 -38604.277   171.048    -4.22    9.04
 -38315.445   170.384    -2.30    8.65
 -38026.608   170.388     0.01    7.85
 -37737.766   168.856    -5.31    7.83
 -37448.918   169.117     0.90    7.83
 -37160.066   167.418    -5.88    8.58
 -36871.208   166.976    -1.53    8.63
 -36582.346   165.446    -5.29    8.94
 -36293.478   164.264    -4.09   10.03
 -36004.606   162.084    -7.54   12.08
 -35715.728   158.479   -12.48   14.08
 -35426.845   154.996   -12.06   14.56
 -35137.957   152.418    -8.92   14.76
 -34849.065   152.048    -1.28   14.23
 -34560.167   150.004    -7.08   13.64
 -34271.264   147.868    -7.39   13.58
 -33982.356   144.507   -11.63   12.51
 -33693.443   141.979    -8.75   11.17
 -33404.524   139.239    -9.48   11.98
 -33115.601   135.961   -11.35   12.15
 -32826.673   132.384   -12.38   12.00
 -32537.739   126.958   -18.78   11.88
 -32248.801   122.013   -17.11   12.51
 -31959.857   116.134   -20.35   12.57
 -31670.909   111.151   -17.24   12.75
 -31381.955   106.863   -14.84   13.15
 -31092.996   102.958   -13.52   12.28
 -30804.033    99.806   -10.91   10.41
 -30515.064    97.834    -6.82   10.73
 -30226.090    96.392    -4.99   10.14
 -29937.110    94.069    -8.04   10.47
 -29648.126    91.987    -7.20   10.17
 -29359.137    91.725    -0.91   10.40
 -29070.143    93.006     4.43   12.11
 -28781.143    93.237     0.80   12.36
 -28492.139    92.601    -2.20   13.24
 -28203.129    90.737    -6.45   14.38
 -27914.114    88.329    -8.33   16.43
 -27625.094    84.668   -12.67   16.82
 -27336.070    80.201   -15.45   15.94
 -27047.039    75.151   -17.47   15.13
 -26758.004    73.490    -5.75   14.32
 -26468.964    71.635    -6.42   13.57
 -26179.919    71.051    -2.02   13.42
 -25890.868    71.135     0.29   14.32
 -25601.813    75.362    14.62   27.01
 -25312.752    80.910    19.19   32.43
 -25023.686    83.558     9.16   35.03
 -24734.616    84.971     4.89   35.51
 -24445.540    84.183    -2.73   35.85
 -24156.458    82.306    -6.49   34.73
 -23867.372    75.151   -24.75   30.11
 -23578.281    64.358   -37.33   21.95
 -23289.184    57.501   -23.72   16.64
 -23000.083    59.734     7.73   19.32
 -22710.976    63.651    13.55   21.29
 -22421.864    67.758    14.20   22.42
 -22132.747    71.253    12.09   19.87
 -21843.625    68.951    -7.96   20.58
 -21554.498    65.358   -12.43   22.86
 -21265.366    62.151   -11.09   21.95
 -20976.228    59.710    -8.44   18.79
 -20687.086    59.971     0.90   18.97
 -20397.938    60.203     0.80   17.83
 -20108.785    64.982    16.53   19.33
 -19819.627    69.200    14.59   18.37
 -19530.464    70.234     3.58   16.79
 -19241.296    69.545    -2.39   16.59
 -18952.123    67.572    -6.82   16.80
 -18662.944    65.255    -8.01   14.40
 -18373.760    65.434     0.62   12.68
 -18084.572    65.909     1.64   12.68
 -17795.378    68.038     7.36   13.37
 -17506.178    69.982     6.72   12.57
 -17216.974    72.968    10.33   12.58
 -16927.765    77.016    14.00   11.19
 -16638.550    79.084     7.15   10.86
 -16349.331    81.834     9.51    9.83
 -16060.106    83.484     5.70   10.06
 -15770.876    87.270    13.09    8.88
 -15481.640    91.358    14.13    8.01
 -15192.400    93.388     7.02    8.06
 -14903.155    92.306    -3.74   11.02
 -14613.904    89.413   -10.00   17.10
 -14324.648    85.168   -14.68   20.16
 -14035.387    81.284   -13.43   21.81
 -13746.121    76.427   -16.79   20.76
 -13456.850    78.304     6.49   23.59
 -13167.573    79.764     5.05   25.81
 -12878.292    85.584    20.12   28.69
 -12589.005    96.151    36.53   29.24
 -12299.713   101.291    17.77   27.03
 -12010.415   100.634    -2.27   26.17
 -11721.113    93.016   -26.34   29.25
 -11431.806    86.659   -21.97   29.58
 -11142.493    78.532   -28.09   28.78
 -10853.175    70.384   -28.16   24.27
 -10563.852    63.507   -23.77   21.50
 -10274.524    65.905     8.29   23.60
  -9985.190    70.768    16.81   25.64
  -9695.852    78.473    26.63   25.43
  -9406.508    86.216    26.76   22.93
  -9117.159    90.951    16.37   19.46
  -8827.805    93.065     7.31   15.66
  -8538.445    94.948     6.51   12.24
  -8249.081    94.048    -3.11   10.63
  -7959.711    92.725    -4.57   10.59
  -7670.336    90.944    -6.15   11.28
  -7380.956    87.422   -12.17   13.36
  -7091.570    86.617    -2.78   13.46
  -6802.180    84.368    -7.77   14.37
  -6512.784    84.564     0.68   12.48
  -6223.383    83.951    -2.12   11.68
  -5933.977    79.183   -16.47   14.22
  -5644.565    73.905   -18.24   18.06
  -5355.149    66.368   -26.04   20.98
  -5065.727    56.358   -34.59   23.03
  -4776.300    48.453   -27.31   22.62
  -4486.868    40.233   -28.40   21.10
  -4197.430    31.351   -30.69   18.63
  -3907.988    24.220   -24.64   18.03
  -3618.540    18.011   -21.45   15.24
  -3329.087    13.135   -16.84   12.69
  -3039.628     9.184   -13.65    9.71
  -2750.165     6.054   -10.81    7.82
  -2460.696     4.134    -6.63    5.64
  -2171.222     4.117    -0.06    5.34
  -1881.743     3.901    -0.74    4.36
  -1592.259     4.151     0.86    3.69
  -1302.769     4.004    -0.51    2.89
  -1013.274     3.910    -0.32    2.11
   -723.774     3.668    -0.84    2.80
   -434.268     2.410    -4.35    3.51
   -144.758     1.512    -3.10    3.82
    144.758     0.479    -3.57    3.81
    434.279    -0.423    -3.11    3.40
    723.805    -1.292    -3.00    2.65
   1013.337    -0.832     1.59    3.52
   1302.874     2.168    10.36    9.77
   1592.416    11.375    31.80   21.58
   1881.963    21.974    36.60   28.57
   2171.515    33.931    41.30   31.07
   2461.073    47.202    45.83   30.29
   2750.636    58.220    38.05   27.36
   3040.204    71.806    46.92   18.91
   3329.778    81.570    33.72   15.13
   3619.357    89.001    25.66   13.22
   3908.941    95.764    23.35   10.74
   4198.530   101.375    19.38    8.39
   4488.125   105.272    13.46    7.18
   4777.724   109.266    13.79    6.33
   5067.329   111.584     8.01    5.33
   5356.940   112.990     4.85    4.25
   5646.555   113.530     1.87    4.05
   5936.176   113.151    -1.31    4.33
   6225.802   111.186    -6.78    6.67
   6515.434   107.168   -13.88   11.70
   6805.070   102.218   -17.09   15.16
   7094.712    98.667   -12.26   16.83
   7384.359    92.473   -21.39   19.50
   7674.012    86.875   -19.33   20.17
   7963.670    83.018   -13.32   20.60
   8253.333    80.255    -9.54   20.40
   8543.001    80.315     0.21   21.32
   8832.675    82.761     8.44   21.33
   9122.353    86.410    12.59   20.95
   9412.038    92.479    20.95   18.01
   9701.727    96.348    13.36   13.51
   9991.422    98.522     7.51   10.72
  10281.122    96.910    -5.57   10.99
  10570.827    91.315   -19.31   14.78
  10860.538    85.996   -18.36   16.68
  11150.253    81.795   -14.50   17.48
  11439.975    74.086   -26.61   18.25
  11729.701    70.135   -13.64   16.94
  12018.306    67.929    -7.64   16.02
  12306.902    67.030    -3.11   18.32
  12595.504    66.201    -2.87   18.77
  12884.111    61.008   -17.99   20.45
  13172.723    56.006   -17.33   21.37
  13461.341    50.594   -18.75   21.10
  13749.963    45.463   -17.78   19.01
  14038.592    41.202   -14.76   16.18
  14327.225    35.892   -18.40   13.23
  14615.863    33.718    -7.53   13.99
  14904.507    28.668   -17.49   15.53
  15193.156    24.053   -15.99   16.09
  15481.811    19.617   -15.37   14.12
  15770.470    17.388    -7.72   13.56
  16059.135    17.220    -0.58   14.51
  16347.805    16.999    -0.77   14.76
  16636.481    17.151     0.53   15.37
  16925.162    15.751    -4.85   13.70
  17213.848    12.534   -11.14   12.85
  17502.539    10.065    -8.55   10.96
  17791.235     7.168   -10.04    8.48
  18079.937     5.643    -5.28    6.78
  18368.644     5.135    -1.76    6.05
  18657.357     5.151     0.05    5.12
  18946.074     3.934    -4.21    3.82
  19234.797     3.236    -2.42    3.98
  19523.526     2.590    -2.24    4.07
  19812.259     1.845    -2.58    3.97
  20100.998     1.301    -1.88    3.81
  20389.742     0.441    -2.98    3.26
  20678.492    -0.216    -2.28    2.31
  20967.246    -0.159     0.20    2.10
  21256.006     0.186     1.19    2.25
  21544.772     0.304     0.41    2.38
  21833.542     0.479     0.61    2.44
  22122.318     0.617     0.48    2.45
  22411.099     0.918     1.04    2.51
  22699.886     1.256     1.17    2.43
  22988.678     1.282     0.09    2.47
  23277.475     1.458     0.61    2.31
  23566.277     1.718     0.90    2.23
  23855.085     1.659    -0.20    2.15
  24143.898     1.625    -0.12    1.93
  24432.716     1.501    -0.43    1.88
  24721.540     1.513     0.04    1.97
  25010.369     1.570     0.20    1.96
  25299.203     1.751     0.63    1.88
  25588.043     2.018     0.92    1.86
  25876.888     2.427     1.42    1.90
  26165.738     3.100     2.33    2.39
  26454.594     3.348     0.86    2.32
  26743.454     3.371     0.08    2.16
  27032.321     3.570     0.69    2.23
  27321.192     4.237     2.31    2.81
  27610.069     5.220     3.40    3.42
  27898.951     5.999     2.69    3.88
  28187.839     6.741     2.57    4.05
  28476.732     7.516     2.68    4.16
  28765.630     8.565     3.63    4.20
  29054.533     9.004     1.52    4.04
  29343.442     8.468    -1.85    3.94
  29632.357     7.812    -2.27    3.61
  29921.276     7.338    -1.64    3.16
  30210.201     6.676    -2.29    2.80
  30499.131     5.925    -2.60    2.15
  30788.067     5.618    -1.06    1.96
  31077.008     5.584    -0.12    1.88
  31365.954     5.686     0.35    1.97
  31654.906     5.938     0.87    2.15
  31943.863     5.812    -0.44    2.23
  32232.825     6.282     1.63    2.39
  32521.793     6.203    -0.27    2.24
  32810.766     6.013    -0.66    2.35
  33099.744     5.692    -1.11    2.61
  33388.728     4.965    -2.52    3.09
  33677.717     3.938    -3.55    3.03
  33966.711     2.358    -5.47    3.13
  34255.711     0.668    -5.85    3.18
  34544.716    -0.499    -4.04    3.24
  34833.727    -1.734    -4.27    2.88
  35122.743    -2.800    -3.69    2.01
  35411.764    -3.408    -2.11    1.13
  35700.791    -3.766    -1.24    0.33
  35989.823    -3.849    -0.29    0.00
  36278.860    -3.849     0.00    0.00
  36567.903    -3.849     0.00    0.00
  36856.951    -3.849     0.00    0.00
  37146.005    -3.849     0.00    0.00
  37435.063    -3.849     0.00    0.00
  37724.128    -3.849     0.00    0.00
  38013.197    -3.849     0.00    0.00
  38302.272    -3.849     0.00    0.00
  38591.353    -3.849     0.00    0.00
  38880.439    -3.849     0.00    0.00
  39169.530    -3.849     0.00    0.00
  39458.626    -3.849     0.00    0.00
  39747.728    -3.849     0.00    0.00
  40036.836    -3.849     0.00    0.00
  40325.949    -3.849     0.00    0.00
  40615.067    -3.849     0.00    0.00
  40904.190    -3.849     0.00    0.00
  41193.319    -3.849     0.00    0.00
  41482.454    -3.849     0.00    0.00
  41771.593    -3.849     0.00    0.00
  42060.738    -3.849     0.00    0.00
  42349.889    -3.849     0.00    0.00
  42639.045    -3.849     0.00    0.00
  42928.206    -3.849     0.00    0.00
  43217.373    -3.849     0.00    0.00
  43506.545    -3.849     0.00    0.00
  43795.723    -3.849     0.00    0.00
  44084.906    -3.849     0.00    0.00
  44374.094    -3.849     0.00    0.00
  44663.288    -3.849     0.00    0.00
  44952.487    -3.849     0.00    0.00
  45241.692    -3.849     0.00    0.00
  45530.902    -3.849     0.00    0.00
  45820.117    -3.849     0.00    0.00
  46109.338    -3.849     0.00    0.00
  46398.565    -3.849     0.00    0.00
  46687.796    -3.849     0.00    0.00
  46977.033    -3.849     0.00    0.00
  47266.276    -3.849     0.00    0.00
  47555.524    -3.849     0.00    0.00
  47844.778    -3.849     0.00    0.00
  48134.037    -3.849     0.00    0.00
  48423.301    -3.849     0.00    0.00
  48712.571    -3.849     0.00    0.00
  49001.846    -3.849     0.00    0.00
  49291.126    -3.849     0.00    0.00
  49580.413    -3.849     0.00    0.00
  49869.704    -3.849     0.00    0.00
  50159.001    -3.849     0.00    0.00
  50448.303    -3.849     0.00    0.00
  50737.611    -3.849     0.00    0.00
  51026.925    -3.849     0.00    0.00
  51316.243    -3.849     0.00    0.00
  51605.568    -3.849     0.00    0.00
  51894.897    -3.849     0.00    0.00
  52184.232    -3.849     0.00    0.00
  52473.573    -3.849     0.00    0.00
  52762.919    -3.849     0.00    0.00
  53052.270    -3.849     0.00    0.00
  53341.627    -3.849     0.00    0.00
  53630.990    -3.849     0.00    0.00
  53920.357    -3.849     0.00    0.00
  54209.731    -3.849     0.00    0.00
  54499.110    -3.849     0.00    0.00
  54788.494    -3.849     0.00    0.00
  55077.883    -3.849     0.00    0.00
  55367.279    -3.849     0.00    0.00
  55656.679    -3.849     0.00    0.00
  55946.085    -3.849     0.00    0.00
  56235.497    -3.849     0.00    0.00
  56524.914    -3.849     0.00    0.00
  56814.337    -3.849     0.00    0.00
  57103.765    -3.849     0.00    0.00
  57393.198    -3.849     0.00    0.00
  57682.637    -3.849     0.00    0.00
  57972.082    -3.849     0.00    0.00
  58261.532    -3.849     0.00    0.00
  58550.987    -3.849     0.00    0.00
  58840.448    -3.849     0.00    0.00
  59129.914    -3.849     0.00    0.00
  59419.386    -3.849     0.00    0.00
  59708.864    -3.849     0.00    0.00
  59998.346    -3.849     0.00    0.00
  60287.835    -3.849     0.00    0.00
  60577.329    -3.849     0.00    0.00
  60866.828    -3.849     0.00    0.00
  61156.333    -3.849     0.00    0.00
  61445.843    -3.849     0.00    0.00
  61735.359    -3.849     0.00    0.00
  62024.880    -3.849     0.00    0.00
  62314.407    -3.849     0.00    0.00
  62603.940    -3.849     0.00    0.00
  62893.478    -3.849     0.00    0.00
  63183.021    -3.849     0.00    0.00
  63472.570    -3.849     0.00    0.00
  63762.124    -3.849     0.00    0.00
  64051.684    -3.849     0.00    0.00
  64341.250    -3.849     0.00    0.00
  64630.821    -3.849     0.00    0.00
  64920.397    -3.849     0.00    0.00
  65209.979    -3.849     0.00    0.00
  65499.567    -3.849     0.00    0.00
  65789.160    -3.849     0.00    0.00
  66078.758    -3.849     0.00    0.00
  66368.362    -3.849     0.00    0.00
  66657.972    -3.849     0.00    0.00
  66947.587    -3.849     0.00    0.00
  67237.208    -3.849     0.00    0.00
  67526.834    -3.849     0.00    0.00
  67816.466    -3.849     0.00    0.00
  68106.103    -3.849     0.00    0.00
  68395.746    -3.849     0.00    0.00
  68685.394    -3.849     0.00    0.00
  68975.048    -3.849     0.00    0.00
  69264.707    -3.849     0.00    0.00
  69554.372    -3.849     0.00    0.00
  69844.043    -3.849     0.00    0.00
  70133.719    -3.849     0.00    0.00
  70423.401    -3.849     0.00    0.00
  70713.088    -3.849     0.00    0.00
  71002.780    -3.849     0.00    0.00
  71292.479    -3.849     0.00    0.00
  71582.182    -3.849     0.00    0.00
  71871.892    -3.849     0.00    0.00
  72161.607    -3.849     0.00    0.00
  72451.327    -3.849     0.00    0.00
  72741.053    -3.849     0.00    0.00
  73030.785    -3.849     0.00    0.00
  73320.522    -3.849     0.00    0.00
  73610.265    -3.849     0.00    0.00
  73900.013    -3.849     0.00    0.00
  74188.940    -3.849     0.00    0.00
  74477.503    -3.849     0.00    0.00
  74766.071    -3.849     0.00    0.00
  75054.645    -3.849     0.00    0.00
  75343.225    -3.849     0.00    0.00
  75631.810    -3.849     0.00    0.00
  75920.401    -3.849     0.00    0.00
  76208.997    -3.849     0.00    0.00
  76497.599    -3.849     0.00    0.00
  76786.206    -3.849     0.00    0.00
  77074.819    -3.849     0.00    0.00
  77363.437    -3.849     0.00    0.00
  77652.061    -3.849     0.00    0.00
  77940.690    -3.849     0.00    0.00
  78229.325    -3.849     0.00    0.00
  78517.965    -3.849     0.00    0.00
  78806.611    -3.849     0.00    0.00
  79095.263    -3.849     0.00    0.00
  79383.920    -3.849     0.00    0.00
  79672.583    -3.849     0.00    0.00
  79961.251    -3.849     0.00    0.00
  80249.924    -3.849     0.00    0.00
  80538.604    -3.849     0.00    0.00
  80827.288    -3.849     0.00    0.00
  81115.979    -3.849     0.00    0.00
  81404.675    -3.849     0.00    0.00
  81693.376    -3.849     0.00    0.00
  81982.083    -3.849     0.00    0.00
  82270.796    -3.849     0.00    0.00
  82559.514    -3.849     0.00    0.00
  82848.237    -3.849     0.00    0.00
  83136.967    -3.849     0.00    0.00
  83425.701    -3.849     0.00    0.00
  83714.442    -3.849     0.00    0.00
  84003.188    -3.849     0.00    0.00
  84291.939    -3.849     0.00    0.00
  84580.696    -3.849     0.00    0.00
  84869.459    -3.849     0.00    0.00
  85158.227    -3.849     0.00    0.00
  85447.001    -3.849     0.00    0.00
  85735.780    -3.849     0.00    0.00
  86024.565    -3.849     0.00    0.00
  86313.355    -3.849     0.00    0.00
  86602.151    -3.849     0.00    0.00
  86890.953    -3.849     0.00    0.00
  87179.760    -3.849     0.00    0.00
  87468.573    -3.849     0.00    0.00
  87757.391    -3.849     0.00    0.00
  88046.215    -3.849     0.00    0.00
  88335.045    -3.849     0.00    0.00
  88623.880    -3.849     0.00    0.00
  88912.721    -3.849     0.00    0.00
  89201.567    -3.849     0.00    0.00
  89490.419    -3.849     0.00    0.00
  89779.276    -3.849     0.00    0.00
  90068.139    -3.849     0.00    0.00
  90357.008    -3.849     0.00    0.00
  90645.882    -3.849     0.00    0.00
  90934.762    -3.849     0.00    0.00
  91223.648    -3.849     0.00    0.00
  91512.539    -3.849     0.00    0.00
  91801.436    -3.849     0.00    0.00
  92090.338    -3.849     0.00    0.00
  92379.246    -3.849     0.00    0.00
  92668.159    -3.849     0.00    0.00
  92957.078    -3.849     0.00    0.00
  93246.003    -3.849     0.00    0.00
  93534.933    -3.849     0.00    0.00
  93823.869    -3.849     0.00    0.00
  94112.811    -3.849     0.00    0.00
  94401.758    -3.849     0.00    0.00
  94690.711    -3.849     0.00    0.00
  94979.669    -3.849     0.00    0.00
  95268.633    -3.849     0.00    0.00
  95557.603    -3.849     0.00    0.00
  95846.578    -3.849     0.00    0.00
  96135.559    -3.849     0.00    0.00
  96424.546    -3.849     0.00    0.00
  96713.538    -3.849     0.00    0.00
  97002.536    -3.849     0.00    0.00
  97291.539    -3.849     0.00    0.00
  97580.548    -3.849     0.00    0.00
  97869.563    -3.849     0.00    0.00
  98158.584    -3.849     0.00    0.00
  98447.610    -3.849     0.00    0.00
  98736.641    -3.849     0.00    0.00
  99025.678    -3.849     0.00    0.00
  99314.721    -3.849     0.00    0.00
  99603.770    -3.849     0.00    0.00
  99892.824    -3.849     0.00    0.00
 100181.884    -3.849     0.00    0.00
 100470.949    -3.849     0.00    0.00
 100760.021    -3.849     0.00    0.00
 101049.097    -3.849     0.00    0.00
 101338.180    -3.849     0.00    0.00
 101627.268    -3.849     0.00    0.00
 101916.362    -3.849     0.00    0.00
 102205.461    -3.849     0.00    0.00
 102494.566    -3.849     0.00    0.00
 102783.677    -3.849     0.00    0.00
 103072.793    -3.849     0.00    0.00
 103361.915    -3.849     0.00    0.00
 103651.043    -3.849     0.00    0.00
 103940.177    -3.849     0.00    0.00
 104229.316    -3.849     0.00    0.00
 104518.460    -3.849     0.00    0.00
 104807.611    -3.849     0.00    0.00
 105096.767    -3.849     0.00    0.00
 105385.929    -3.849     0.00    0.00
 105675.096    -3.849     0.00    0.00
 105964.269    -3.849     0.00    0.00
 106253.448    -3.849     0.00    0.00
 106542.632    -3.849     0.00    0.00
 106831.823    -3.849     0.00    0.00
 107121.018    -3.849     0.00    0.00
 107410.220    -3.849     0.00    0.00
 107699.427    -3.849     0.00    0.00
 107988.640    -3.849     0.00    0.00
 108277.859    -3.849     0.00    0.00
 108567.083    -3.849     0.00    0.00
 108856.313    -3.849     0.00    0.00
 109145.548    -3.849     0.00    0.00
 109434.790    -3.849     0.00    0.00
 109724.037    -3.849     0.00    0.00
 110013.290    -3.849     0.00    0.00
 110302.548    -3.849     0.00    0.00
 110591.812    -3.849     0.00    0.00
 110881.082    -3.849     0.00    0.00
 111170.358    -3.849     0.00    0.00
 111459.639    -3.849     0.00    0.00
 111748.926    -3.849     0.00    0.00
 112038.218    -3.849     0.00    0.00
 112327.517    -3.849     0.00    0.00
 112616.821    -3.849     0.00    0.00
 112906.131    -3.849     0.00    0.00
 113195.446    -3.849     0.00    0.00
 113484.767    -3.849     0.00    0.00
 113774.094    -3.849     0.00    0.00
 114063.427    -3.849     0.00    0.00
 114352.765    -3.849     0.00    0.00
 114642.110    -3.849     0.00    0.00
 114931.459    -3.849     0.00    0.00
 115220.815    -3.849     0.00    0.00
 115510.176    -3.849     0.00    0.00
 115799.543    -3.849     0.00    0.00
 116088.916    -3.849     0.00    0.00
 116378.294    -3.849     0.00    0.00
 116667.679    -3.849     0.00    0.00
 116957.069    -3.849     0.00    0.00
 117246.464    -3.849     0.00    0.00
 117535.866    -3.849     0.00    0.00
 117825.273    -3.849     0.00    0.00
 118114.686    -3.849     0.00    0.00
 118404.104    -3.849     0.00    0.00
 118693.529    -3.849     0.00    0.00
 118982.959    -3.849     0.00    0.00
 119272.395    -3.849     0.00    0.00
 119561.836    -3.849     0.00    0.00
 119851.284    -3.849     0.00    0.00
 120140.737    -3.849     0.00    0.00
 120430.195    -3.849     0.00    0.00
 120719.660    -3.849     0.00    0.00
 121009.130    -3.849     0.00    0.00
 121298.607    -3.849     0.00    0.00
 121588.088    -3.849     0.00    0.00
 121877.576    -3.849     0.00    0.00
 122167.069    -3.849     0.00    0.00
 122456.569    -3.849     0.00    0.00
 122746.074    -3.849     0.00    0.00
 123035.584    -3.849     0.00    0.00
 123325.101    -3.849     0.00    0.00
 123614.623    -3.849     0.00    0.00
 123904.151    -3.849     0.00    0.00
 124193.685    -3.849     0.00    0.00
 124483.224    -3.849     0.00    0.00
 124772.769    -3.849     0.00    0.00
 125062.321    -3.849     0.00    0.00
 125351.877    -3.849     0.00    0.00
 125641.440    -3.849     0.00    0.00
 125931.008    -3.849     0.00    0.00
 126220.583    -3.849     0.00    0.00
 126510.163    -3.849     0.00    0.00
 126799.748    -3.849     0.00    0.00
 127089.340    -3.849     0.00    0.00
 127378.937    -3.849     0.00    0.00
 127668.540    -3.849     0.00    0.00
 127958.149    -3.849     0.00    0.00
 128247.764    -3.849     0.00    0.00
 128537.385    -3.849     0.00    0.00
 128827.011    -3.849     0.00    0.00
 129116.643    -3.849     0.00    0.00
 129406.281    -3.849     0.00    0.00
 129695.925    -3.849     0.00    0.00
 129985.574    -3.849     0.00    0.00
 130275.229    -3.849     0.00    0.00
 130564.891    -3.849     0.00    0.00
 130854.557    -3.849     0.00    0.00
 131144.230    -3.849     0.00    0.00
 131433.909    -3.849     0.00    0.00
 131723.593    -3.849     0.00    0.00
 132013.283    -3.849     0.00    0.00
 132302.979    -3.849     0.00    0.00
 132592.681    -3.849     0.00    0.00
 132882.389    -3.849     0.00    0.00
 133172.102    -3.849     0.00    0.00
 133461.821    -3.849     0.00    0.00
 133751.546    -3.849     0.00    0.00
 134041.277    -3.849     0.00    0.00
 134331.014    -3.849     0.00    0.00
 134620.756    -3.849     0.00    0.00
 134910.505    -3.849     0.00    0.00
 135200.259    -3.849     0.00    0.00
 135490.019    -3.849     0.00    0.00
 135779.785    -3.849     0.00    0.00
 136069.556    -3.849     0.00    0.00
 136358.840    -3.849     0.00    0.00
 136647.367    -3.849     0.00    0.00
 136935.899    -3.849     0.00    0.00
 137224.438    -3.849     0.00    0.00
 137512.982    -3.849     0.00    0.00
 137801.532    -3.849     0.00    0.00
 138090.088    -3.849     0.00    0.00
 138378.649    -3.849     0.00    0.00
 138667.217    -3.849     0.00    0.00
 138955.790    -3.849     0.00    0.00
 139244.369    -3.849     0.00    0.00
 139532.954    -3.849     0.00    0.00
 139821.544    -3.849     0.00    0.00
 140110.141    -3.849     0.00    0.00
 140398.743    -3.849     0.00    0.00
 140687.351    -3.849     0.00    0.00
 140975.964    -3.849     0.00    0.00
 141264.584    -3.849     0.00    0.00
 141553.209    -3.849     0.00    0.00
 141841.841    -3.849     0.00    0.00
 142130.478    -3.849     0.00    0.00
 142419.120    -3.849     0.00    0.00
 142707.769    -3.849     0.00    0.00
 142996.423    -3.849     0.00    0.00
 143285.084    -3.849     0.00    0.00
 143573.750    -3.849     0.00    0.00
 143862.422    -3.849     0.00    0.00
 144151.099    -3.849     0.00    0.00
 144439.783    -3.849     0.00    0.00
 144728.472    -3.849     0.00    0.00
 145017.167    -3.849     0.00    0.00
 145305.868    -3.849     0.00    0.00
 145594.575    -3.849     0.00    0.00
 145883.288    -3.849     0.00    0.00
 146172.006    -3.849     0.00    0.00
 146460.730    -3.849     0.00    0.00
 146749.460    -3.849     0.00    0.00
 147038.196    -3.849     0.00    0.00
 147326.938    -3.849     0.00    0.00
 147615.686    -3.849     0.00    0.00
 147904.439    -3.849     0.00    0.00
 148193.199    -3.849     0.00    0.00
 148481.964    -3.849     0.00    0.00
 148770.735    -3.849     0.00    0.00
 149059.511    -3.849     0.00    0.00
 149348.294    -3.849     0.00    0.00
 149637.083    -3.849     0.00    0.00
 149925.877    -3.849     0.00    0.00
 150214.677    -3.849     0.00    0.00
 150503.483    -3.849     0.00    0.00
 150792.295    -3.849     0.00    0.00
 151081.113    -3.849     0.00    0.00
 151369.937    -3.849     0.00    0.00
 151658.766    -3.849     0.00    0.00
 151947.601    -3.849     0.00    0.00
 152236.443    -3.849     0.00    0.00
 152525.290    -3.849     0.00    0.00
 152814.143    -3.849     0.00    0.00
 153103.001    -3.849     0.00    0.00
 153391.866    -3.849     0.00    0.00
 153680.737    -3.849     0.00    0.00
 153969.613    -3.849     0.00    0.00
 154258.495    -3.849     0.00    0.00
 154547.383    -3.849     0.00    0.00
 154836.277    -3.849     0.00    0.00
 155125.177    -3.849     0.00    0.00
 155414.083    -3.849     0.00    0.00
 155702.995    -3.849     0.00    0.00
 155991.912    -3.849     0.00    0.00
 156280.836    -3.849     0.00    0.00
 156569.765    -3.849     0.00    0.00
 156858.700    -3.849     0.00    0.00
 157147.641    -3.849     0.00    0.00
 157436.588    -3.849     0.00    0.00
 157725.541    -3.849     0.00    0.00
 158014.500    -3.849     0.00    0.00
 158303.464    -3.849     0.00    0.00
 158592.435    -3.849     0.00    0.00
 158881.411    -3.849     0.00    0.00
 159170.394    -3.849     0.00    0.00
 159459.382    -3.849     0.00    0.00
 159748.376    -3.849     0.00    0.00
 160037.376    -3.849     0.00    0.00
 160326.382    -3.849     0.00    0.00
 160615.394    -3.849     0.00    0.00
 160904.411    -3.849     0.00    0.00
 161193.435    -3.849     0.00    0.00
 161482.465    -3.849     0.00    0.00
 161771.500    -3.849     0.00    0.00
 162060.541    -3.849     0.00    0.00
 162349.589    -3.849     0.00    0.00
 162638.642    -3.849     0.00    0.00
 162927.701    -3.849     0.00    0.00
 163216.766    -3.849     0.00    0.00
 163505.837    -3.849     0.00    0.00
 163794.914    -3.849     0.00    0.00
 164083.996    -3.849     0.00    0.00
 164373.085    -3.849     0.00    0.00
 164662.180    -3.849     0.00    0.00
 164951.280    -3.849     0.00    0.00
 165240.387    -3.849     0.00    0.00
 165529.499    -3.849     0.00    0.00
 165818.618    -3.849     0.00    0.00
 166107.742    -3.849     0.00    0.00
 166396.872    -3.849     0.00    0.00
 166686.008    -3.849     0.00    0.00
 166975.150    -3.849     0.00    0.00
 167264.298    -3.849     0.00    0.00
 167553.452    -3.849     0.00    0.00
 167842.612    -3.849     0.00    0.00
 168131.778    -3.849     0.00    0.00
 168420.950    -3.849     0.00    0.00
 168710.127    -3.849     0.00    0.00
 168999.311    -3.849     0.00    0.00
 169288.501    -3.849     0.00    0.00
 169577.696    -3.849     0.00    0.00
 169866.898    -3.849     0.00    0.00
 170156.105    -3.849     0.00    0.00
 170445.319    -3.849     0.00    0.00
 170734.538    -3.849     0.00    0.00
 171023.764    -3.849     0.00    0.00
 171312.995    -3.849     0.00    0.00
 171602.232    -3.849     0.00    0.00
 171891.475    -3.849     0.00    0.00
 172180.725    -3.849     0.00    0.00
 172469.980    -3.849     0.00    0.00
 172759.241    -3.849     0.00    0.00
 173048.508    -3.849     0.00    0.00
 173337.781    -3.849     0.00    0.00
 173627.060    -3.849     0.00    0.00
 173916.345    -3.849     0.00    0.00
 174205.636    -3.849     0.00    0.00
 174494.933    -3.849     0.00    0.00
 174784.236    -3.849     0.00    0.00
 175073.545    -3.849     0.00    0.00
 175362.860    -3.849     0.00    0.00
 175652.181    -3.849     0.00    0.00
 175941.508    -3.849     0.00    0.00
 176230.841    -3.849     0.00    0.00
 176520.180    -3.849     0.00    0.00
 176809.524    -3.849     0.00    0.00
 177098.875    -3.849     0.00    0.00
 177388.232    -3.849     0.00    0.00
 177677.595    -3.849     0.00    0.00
 177966.964    -3.849     0.00    0.00
 178256.339    -3.849     0.00    0.00
 178545.719    -3.849     0.00    0.00
 178835.106    -3.849     0.00    0.00
 179124.499    -3.849     0.00    0.00
 179413.898    -3.849     0.00    0.00
 179703.303    -3.849     0.00    0.00
 179992.713    -3.849     0.00    0.00
 180282.130    -3.849     0.00    0.00
 180571.553    -3.849     0.00    0.00
 180860.982    -3.849     0.00    0.00
 181150.417    -3.849     0.00    0.00
 181439.858    -3.849     0.00    0.00
 181729.305    -3.849     0.00    0.00
 182018.758    -3.849     0.00    0.00
 182308.216    -3.849     0.00    0.00
 182597.681    -3.849     0.00    0.00
 182887.152    -3.849     0.00    0.00
 183176.629    -3.849     0.00    0.00
 183466.112    -3.849     0.00    0.00
 183755.601    -3.849     0.00    0.00
 184045.096    -3.849     0.00    0.00
 184334.598    -3.849     0.00    0.00
 184624.105    -3.849     0.00    0.00
 184913.618    -3.849     0.00    0.00
 185203.137    -3.849     0.00    0.00
 185492.662    -3.849     0.00    0.00
 185782.193    -3.849     0.00    0.00
 186071.731    -3.849     0.00    0.00
 186361.274    -3.849     0.00    0.00
 186650.823    -3.849     0.00    0.00
 186940.379    -3.849     0.00    0.00
 187229.940    -3.849     0.00    0.00
 187519.508    -3.849     0.00    0.00
 187809.081    -3.849     0.00    0.00
 188098.661    -3.849     0.00    0.00
 188388.247    -3.849     0.00    0.00
 188677.838    -3.849     0.00    0.00
 188967.436    -3.849     0.00    0.00
 189257.040    -3.849     0.00    0.00
 189546.650    -3.849     0.00    0.00
 189836.266    -3.849     0.00    0.00
 190125.888    -3.849     0.00    0.00
 190415.516    -3.849     0.00    0.00
 190705.150    -3.849     0.00    0.00
 190994.790    -3.849     0.00    0.00
 191284.436    -3.849     0.00    0.00
 191574.088    -3.849     0.00    0.00
 191863.747    -3.849     0.00    0.00
 192153.411    -3.849     0.00    0.00
 192443.082    -3.849     0.00    0.00
 192732.758    -3.849     0.00    0.00
 193022.441    -3.849     0.00    0.00
 193312.130    -3.849     0.00    0.00
 193601.825    -3.849     0.00    0.00
 193891.525    -3.849     0.00    0.00
 194181.232    -3.849     0.00    0.00
 194470.945    -3.849     0.00    0.00
 194760.665    -3.849     0.00    0.00
 195050.390    -3.849     0.00    0.00
 195340.121    -3.849     0.00    0.00
 195629.858    -3.849     0.00    0.00
 195919.602    -3.849     0.00    0.00
 196209.351    -3.849     0.00    0.00
 196499.107    -3.849     0.00    0.00
 196788.869    -3.849     0.00    0.00
 197078.637    -3.849     0.00    0.00
 197368.411    -3.849     0.00    0.00
 197658.191    -3.849     0.00    0.00
 197947.977    -3.849     0.00    0.00
 198237.769    -3.849     0.00    0.00
 198527.447    -3.849     0.00    0.00
 198815.937    -3.849     0.00    0.00
 199104.433    -3.849     0.00    0.00
 199392.935    -3.849     0.00    0.00
 199681.443    -3.849     0.00    0.00
 199969.957    -3.849     0.00    0.00
 200258.478    -3.849     0.00    0.00
 200547.004    -3.849     0.00    0.00
 200835.536    -3.849     0.00    0.00
 201124.075    -3.849     0.00    0.00
 201412.619    -3.849     0.00    0.00
 201701.170    -3.849     0.00    0.00
 201989.727    -3.849     0.00    0.00
 202278.289    -3.849     0.00    0.00
 202566.858    -3.849     0.00    0.00
 202855.433    -3.849     0.00    0.00
 203144.014    -3.849     0.00    0.00
 203432.601    -3.849     0.00    0.00
 203721.194    -3.849     0.00    0.00
 204009.793    -3.849     0.00    0.00
 204298.398    -3.849     0.00    0.00
 204587.009    -3.849     0.00    0.00
 204875.627    -3.849     0.00    0.00
 205164.250    -3.849     0.00    0.00
 205452.880    -3.849     0.00    0.00
 205741.515    -3.849     0.00    0.00
 206030.157    -3.849     0.00    0.00
 206318.804    -3.849     0.00    0.00
 206607.458    -3.849     0.00    0.00
 206896.118    -3.849     0.00    0.00
 207184.784    -3.849     0.00    0.00
 207473.456    -3.849     0.00    0.00
 207762.134    -3.849     0.00    0.00
 208050.819    -3.849     0.00    0.00
 208339.509    -3.849     0.00    0.00
 208628.205    -3.849     0.00    0.00
 208916.908    -3.849     0.00    0.00
 209205.616    -3.849     0.00    0.00
 209494.331    -3.849     0.00    0.00
 209783.052    -3.849     0.00    0.00
 210071.779    -3.849     0.00    0.00
 210360.512    -3.849     0.00    0.00
 210649.251    -3.849     0.00    0.00
 210937.996    -3.849     0.00    0.00
 211226.748    -3.849     0.00    0.00
 211515.505    -3.849     0.00    0.00
 211804.269    -3.849     0.00    0.00
 212093.038    -3.849     0.00    0.00
 212381.814    -3.849     0.00    0.00
 212670.596    -3.849     0.00    0.00
 212959.384    -3.849     0.00    0.00
 213248.178    -3.849     0.00    0.00
 213536.979    -3.849     0.00    0.00
 213825.785    -3.849     0.00    0.00
 214114.597    -3.849     0.00    0.00
 214403.416    -3.849     0.00    0.00
 214692.241    -3.849     0.00    0.00
 214981.072    -3.849     0.00    0.00
 215269.909    -3.849     0.00    0.00
 215558.752    -3.849     0.00    0.00
 215847.601    -3.849     0.00    0.00
 216136.457    -3.849     0.00    0.00
 216425.318    -3.849     0.00    0.00
 216714.186    -3.849     0.00    0.00
 217003.060    -3.849     0.00    0.00
 217291.940    -3.849     0.00    0.00
 217580.826    -3.849     0.00    0.00
 217869.718    -3.849     0.00    0.00
 218158.617    -3.849     0.00    0.00
 218447.521    -3.849     0.00    0.00
 218736.432    -3.849     0.00    0.00
 219025.349    -3.849     0.00    0.00
 219314.272    -3.849     0.00    0.00
 219603.201    -3.849     0.00    0.00
 219892.136    -3.849     0.00    0.00
 220181.078    -3.849     0.00    0.00
 220470.025    -3.849     0.00    0.00
 220758.979    -3.849     0.00    0.00
 221047.939    -3.849     0.00    0.00
 221336.905    -3.849     0.00    0.00
 221625.877    -3.849     0.00    0.00
 221914.856    -3.849     0.00    0.00
 222203.840    -3.849     0.00    0.00
 222492.831    -3.849     0.00    0.00
 222781.828    -3.849     0.00    0.00
 223070.831    -3.849     0.00    0.00
 223359.840    -3.849     0.00    0.00
 223648.856    -3.849     0.00    0.00
 223937.877    -3.849     0.00    0.00
 224226.905    -3.849     0.00    0.00
 224515.939    -3.849     0.00    0.00
 224804.979    -3.849     0.00    0.00
 225094.026    -3.849     0.00    0.00
 225383.078    -3.849     0.00    0.00
 225672.137    -3.849     0.00    0.00
 225961.202    -3.849     0.00    0.00
 226250.273    -3.849     0.00    0.00
 226539.350    -3.849     0.00    0.00
 226828.434    -3.849     0.00    0.00
 227117.523    -3.849     0.00    0.00
 227406.619    -3.849     0.00    0.00
 227695.721    -3.849     0.00    0.00
 227984.830    -3.849     0.00    0.00
 228273.944    -3.849     0.00    0.00
 228563.065    -3.849     0.00    0.00
 228852.191    -3.849     0.00    0.00
 229141.325    -3.849     0.00    0.00
 229430.464    -3.849     0.00    0.00
 229719.609    -3.849     0.00    0.00
 230008.761    -3.849     0.00    0.00
 230297.919    -3.849     0.00    0.00
 230587.083    -3.849     0.00    0.00
 230876.253    -3.849     0.00    0.00
 231165.430    -3.849     0.00    0.00
 231454.612    -3.849     0.00    0.00
 231743.801    -3.849     0.00    0.00
 232032.996    -3.849     0.00    0.00
 232322.198    -3.849     0.00    0.00
 232611.405    -3.849     0.00    0.00
 232900.619    -3.849     0.00    0.00
 233189.839    -3.849     0.00    0.00
 233479.066    -3.849     0.00    0.00
 233768.298    -3.849     0.00    0.00
 234057.537    -3.849     0.00    0.00
 234346.782    -3.849     0.00    0.00
 234636.033    -3.849     0.00    0.00
 234925.290    -3.849     0.00    0.00
 235214.554    -3.849     0.00    0.00
 235503.824    -3.849     0.00    0.00
 235793.100    -3.849     0.00    0.00
 236082.383    -3.849     0.00    0.00
 236371.671    -3.849     0.00    0.00
 236660.966    -3.849     0.00    0.00
 236950.267    -3.849     0.00    0.00
 237239.575    -3.849     0.00    0.00
 237528.888    -3.849     0.00    0.00
 237818.208    -3.849     0.00    0.00
 238107.534    -3.849     0.00    0.00
 238396.866    -3.849     0.00    0.00
 238686.205    -3.849     0.00    0.00
 238975.550    -3.849     0.00    0.00
 239264.901    -3.849     0.00    0.00
 239554.258    -3.849     0.00    0.00
 239843.622    -3.849     0.00    0.00
 240132.992    -3.849     0.00    0.00
 240422.368    -3.849     0.00    0.00
 240711.751    -3.849     0.00    0.00
 241001.139    -3.849     0.00    0.00
 241290.534    -3.849     0.00    0.00
 241579.936    -3.849     0.00    0.00
 241869.343    -3.849     0.00    0.00
 242158.757    -3.849     0.00    0.00
 242448.177    -3.849     0.00    0.00
 242737.603    -3.849     0.00    0.00
 243027.036    -3.849     0.00    0.00
 243316.475    -3.849     0.00    0.00
 243605.920    -3.849     0.00    0.00
 243895.371    -3.849     0.00    0.00
 244184.829    -3.849     0.00    0.00
 244474.293    -3.849     0.00    0.00
 244763.763    -3.849     0.00    0.00
 245053.240    -3.849     0.00    0.00
 245342.723    -3.849     0.00    0.00
 245632.212    -3.849     0.00    0.00
 245921.707    -3.849     0.00    0.00
 246211.209    -3.849     0.00    0.00
 246500.717    -3.849     0.00    0.00
 246790.232    -3.849     0.00    0.00
 247079.752    -3.849     0.00    0.00
 247369.279    -3.849     0.00    0.00
 247658.812    -3.849     0.00    0.00
 247948.352    -3.849     0.00    0.00
 248237.898    -3.849     0.00    0.00
 248527.450    -3.849     0.00    0.00
 248817.009    -3.849     0.00    0.00
 249106.573    -3.849     0.00    0.00
 249396.144    -3.849     0.00    0.00
 249685.722    -3.849     0.00    0.00
 249975.306    -3.849     0.00    0.00
 250264.896    -3.849     0.00    0.00
 250554.492    -3.849     0.00    0.00
 250844.095    -3.849     0.00    0.00
 251133.704    -3.849     0.00    0.00
 251423.319    -3.849     0.00    0.00
 251712.941    -3.849     0.00    0.00
 252002.569    -3.849     0.00    0.00
 252292.203    -3.849     0.00    0.00
 252581.843    -3.849     0.00    0.00
 252871.490    -3.849     0.00    0.00
 253161.144    -3.849     0.00    0.00
 253450.803    -3.849     0.00    0.00
 253740.469    -3.849     0.00    0.00
 254030.142    -3.849     0.00    0.00
 254319.820    -3.849     0.00    0.00
 254609.505    -3.849     0.00    0.00
 254899.196    -3.849     0.00    0.00
 255188.894    -3.849     0.00    0.00
 255478.598    -3.849     0.00    0.00
 255768.308    -3.849     0.00    0.00
 256058.025    -3.849     0.00    0.00
 256347.748    -3.849     0.00    0.00
 256637.477    -3.849     0.00    0.00
 256927.213    -3.849     0.00    0.00
 257216.955    -3.849     0.00    0.00
 257506.704    -3.849     0.00    0.00
 257796.459    -3.849     0.00    0.00
 258086.220    -3.849     0.00    0.00
 258375.987    -3.849     0.00    0.00
 258665.761    -3.849     0.00    0.00
 258955.541    -3.849     0.00    0.00
 259245.328    -3.849     0.00    0.00
 259535.121    -3.849     0.00    0.00
 259824.920    -3.849     0.00    0.00
 260114.726    -3.849     0.00    0.00
 260404.538    -3.849     0.00    0.00
 260694.356    -3.849     0.00    0.00
 260983.104    -3.849     0.00    0.00
 261271.565    -3.849     0.00    0.00
 261560.032    -3.849     0.00    0.00
 261848.505    -3.849     0.00    0.00
 262136.985    -3.849     0.00    0.00
 262425.472    -3.849     0.00    0.00
 262713.964    -3.849     0.00    0.00
 263002.463    -3.849     0.00    0.00
 263290.968    -3.849     0.00    0.00
 263579.480    -3.849     0.00    0.00
 263867.997    -3.849     0.00    0.00
 264156.522    -3.849     0.00    0.00
 264445.052    -3.849     0.00    0.00
 264733.589    -3.849     0.00    0.00
 265022.132    -3.849     0.00    0.00
 265310.681    -3.849     0.00    0.00
 265599.237    -3.849     0.00    0.00
 265887.799    -3.849     0.00    0.00
 266176.368    -3.849     0.00    0.00
 266464.943    -3.849     0.00    0.00
 266753.524    -3.849     0.00    0.00
 267042.111    -3.849     0.00    0.00
 267330.705    -3.849     0.00    0.00
 267619.305    -3.849     0.00    0.00
 267907.912    -3.849     0.00    0.00
 268196.524    -3.849     0.00    0.00
 268485.144    -3.849     0.00    0.00
 268773.769    -3.849     0.00    0.00
 269062.401    -3.849     0.00    0.00
 269351.039    -3.849     0.00    0.00
 269639.684    -3.849     0.00    0.00
 269928.335    -3.849     0.00    0.00
 270216.992    -3.849     0.00    0.00
 270505.656    -3.849     0.00    0.00
 270794.325    -3.849     0.00    0.00
 271083.002    -3.849     0.00    0.00
 271371.685    -3.849     0.00    0.00
 271660.374    -3.849     0.00    0.00
 271949.069    -3.849     0.00    0.00
 272237.771    -3.849     0.00    0.00
 272526.479    -3.849     0.00    0.00
 272815.194    -3.849     0.00    0.00
 273103.915    -3.849     0.00    0.00
 273392.642    -3.849     0.00    0.00
 273681.375    -3.849     0.00    0.00
 273970.116    -3.849     0.00    0.00
 274258.862    -3.849     0.00    0.00
 274547.615    -3.849     0.00    0.00
 274836.374    -3.849     0.00    0.00
 275125.139    -3.849     0.00    0.00
 275413.911    -3.849     0.00    0.00
 275702.690    -3.849     0.00    0.00
 275991.474    -3.849     0.00    0.00
 276280.266    -3.849     0.00    0.00
 276569.063    -3.849     0.00    0.00
 276857.867    -3.849     0.00    0.00
 277146.677    -3.849     0.00    0.00
 277435.494    -3.849     0.00    0.00
 277724.317    -3.849     0.00    0.00
 278013.146    -3.849     0.00    0.00
 278301.982    -3.849     0.00    0.00
 278590.824    -3.849     0.00    0.00
 278879.673    -3.849     0.00    0.00
 279168.528    -3.849     0.00    0.00
 279457.390    -3.849     0.00    0.00
 279746.258    -3.849     0.00    0.00
 280035.132    -3.849     0.00    0.00
 280324.012    -3.849     0.00    0.00
 280612.900    -3.849     0.00    0.00
 280901.793    -3.849     0.00    0.00
 281190.693    -3.849     0.00    0.00
 281479.599    -3.849     0.00    0.00
 281768.512    -3.849     0.00    0.00
 282057.431    -3.849     0.00    0.00
 282346.357    -3.849     0.00    0.00
 282635.289    -3.849     0.00    0.00
 282924.227    -3.849     0.00    0.00
 283213.172    -3.849     0.00    0.00
 283502.124    -3.849     0.00    0.00
 283791.081    -3.849     0.00    0.00
 284080.045    -3.849     0.00    0.00
 284369.016    -3.849     0.00    0.00
 284657.993    -3.849     0.00    0.00
 284946.976    -3.849     0.00    0.00
 285235.966    -3.849     0.00    0.00
 285524.963    -3.849     0.00    0.00
 285813.965    -3.849     0.00    0.00
 286102.975    -3.849     0.00    0.00
 286391.990    -3.849     0.00    0.00
 286681.012    -3.849     0.00    0.00
 286970.041    -3.849     0.00    0.00
 287259.076    -3.849     0.00    0.00
 287548.117    -3.849     0.00    0.00
 287837.165    -3.849     0.00    0.00
 288126.220    -3.849     0.00    0.00
 288415.280    -3.849     0.00    0.00
 288704.348    -3.849     0.00    0.00
 288993.421    -3.849     0.00    0.00
 289282.501    -3.849     0.00    0.00
 289571.588    -3.849     0.00    0.00
 289860.681    -3.849     0.00    0.00
 290149.781    -3.849     0.00    0.00
 290438.887    -3.849     0.00    0.00
 290727.999    -3.849     0.00    0.00
 291017.118    -3.849     0.00    0.00
 291306.243    -3.849     0.00    0.00
 291595.375    -3.849     0.00    0.00
 291884.514    -3.849     0.00    0.00
 292173.658    -3.849     0.00    0.00
 292462.810    -3.849     0.00    0.00
 292751.968    -3.849     0.00    0.00
 293041.132    -3.849     0.00    0.00
 293330.303    -3.849     0.00    0.00
 293619.480    -3.849     0.00    0.00
 293908.663    -3.849     0.00    0.00
 294197.854    -3.849     0.00    0.00
 294487.050    -3.849     0.00    0.00
 294776.253    -3.849     0.00    0.00
 295065.463    -3.849     0.00    0.00
 295354.679    -3.849     0.00    0.00
 295643.902    -3.849     0.00    0.00
 295933.131    -3.849     0.00    0.00
 296222.366    -3.849     0.00    0.00
 296511.609    -3.849     0.00    0.00
 296800.857    -3.849     0.00    0.00
 297090.112    -3.849     0.00    0.00
 297379.374    -3.849     0.00    0.00
 297668.642    -3.849     0.00    0.00
 297957.917    -3.849     0.00    0.00
 298247.198    -3.849     0.00    0.00
 298536.485    -3.849     0.00    0.00
 298825.780    -3.849     0.00    0.00
 299115.080    -3.849     0.00    0.00
 299404.387    -3.849     0.00    0.00
 299693.701    -3.849     0.00    0.00
 299983.021    -3.849     0.00    0.00
 300272.348    -3.849     0.00    0.00
 300561.681    -3.849     0.00    0.00
 300851.021    -3.849     0.00    0.00
 301140.367    -3.849     0.00    0.00
 301429.720    -3.849     0.00    0.00
 301719.079    -3.849     0.00    0.00
 302008.445    -3.849     0.00    0.00
 302297.817    -3.849     0.00    0.00
 302587.196    -3.849     0.00    0.00
 302876.582    -3.849     0.00    0.00
 303165.974    -3.849     0.00    0.00
 303455.372    -3.849     0.00    0.00
 303744.777    -3.849     0.00    0.00
 304034.189    -3.849     0.00    0.00
 304323.607    -3.849     0.00    0.00
 304613.032    -3.849     0.00    0.00
 304902.463    -3.849     0.00    0.00
 305191.900    -3.849     0.00    0.00
 305481.345    -3.849     0.00    0.00
 305770.796    -3.849     0.00    0.00
 306060.253    -3.849     0.00    0.00
 306349.717    -3.849     0.00    0.00
 306639.187    -3.849     0.00    0.00
 306928.664    -3.849     0.00    0.00
 307218.148    -3.849     0.00    0.00
 307507.638    -3.849     0.00    0.00
 307797.135    -3.849     0.00    0.00
 308086.638    -3.849     0.00    0.00
 308376.148    -3.849     0.00    0.00
 308665.664    -3.849     0.00    0.00
 308955.187    -3.849     0.00    0.00
 309244.717    -3.849     0.00    0.00
 309534.253    -3.849     0.00    0.00
 309823.795    -3.849     0.00    0.00
 310113.345    -3.849     0.00    0.00
 310402.901    -3.849     0.00    0.00
 310692.463    -3.849     0.00    0.00
 310982.032    -3.849     0.00    0.00
 311271.607    -3.849     0.00    0.00
 311561.189    -3.849     0.00    0.00
 311850.778    -3.849     0.00    0.00
 312140.373    -3.849     0.00    0.00
 312429.975    -3.849     0.00    0.00
 312719.584    -3.849     0.00    0.00
 313009.199    -3.849     0.00    0.00
 313298.820    -3.849     0.00    0.00
 313588.448    -3.849     0.00    0.00
 313878.083    -3.849     0.00    0.00
 314167.725    -3.849     0.00    0.00
 314457.373    -3.849     0.00    0.00
 314747.027    -3.849     0.00    0.00
 315036.688    -3.849     0.00    0.00
 315326.356    -3.849     0.00    0.00
 315616.030    -3.849     0.00    0.00
 315905.711    -3.849     0.00    0.00
 316195.399    -3.849     0.00    0.00
 316485.093    -3.849     0.00    0.00
 316774.794    -3.849     0.00    0.00
 317064.501    -3.849     0.00    0.00
 317354.215    -3.849     0.00    0.00
 317643.936    -3.849     0.00    0.00
 317933.663    -3.849     0.00    0.00
 318223.397    -3.849     0.00    0.00
 318513.137    -3.849     0.00    0.00
 318802.884    -3.849     0.00    0.00
 319092.638    -3.849     0.00    0.00
 319382.398    -3.849     0.00    0.00
 319672.165    -3.849     0.00    0.00
 319961.939    -3.849     0.00    0.00
 320251.719    -3.849     0.00    0.00
 320541.506    -3.849     0.00    0.00
 320831.299    -3.849     0.00    0.00
 321121.099    -3.849     0.00    0.00
 321410.906    -3.849     0.00    0.00
 321700.719    -3.849     0.00    0.00
 321990.539    -3.849     0.00    0.00
 322280.366    -3.849     0.00    0.00
 322570.199    -3.849     0.00    0.00
 322860.039    -3.849     0.00    0.00
